Corrient	Densidad de fl B
I/A	B/T

0,000	-0,050
-0,001	-0,050
0,000	-0,050
0,000	-0,050
0,000	-0,050
0,000	-0,049
-0,001	-0,049
0,000	-0,049
-0,001	-0,049
-0,001	-0,049
0,000	-0,049
0,000	-0,049
-0,001	-0,049
0,000	-0,050
0,000	-0,049
-0,004	-0,049
-0,037	-0,053
-0,055	-0,057
-0,059	-0,059
-0,062	-0,059
-0,075	-0,061
-0,079	-0,063
-0,088	-0,064
-0,091	-0,065
-0,093	-0,066
-0,130	-0,067
-0,124	-0,074
-0,138	-0,075
-0,149	-0,076
-0,156	-0,079
-0,166	-0,081
-0,169	-0,082
-0,171	-0,083
-0,178	-0,084
-0,183	-0,067
-0,192	-0,072
-0,194	-0,073
-0,202	-0,075
-0,197	-0,076
-0,204	-0,076
-0,216	-0,079
-0,222	-0,080
-0,216	-0,081
-0,223	-0,081
-0,228	-0,082
-0,225	-0,083
-0,223	-0,083
-0,242	-0,065
-0,245	-0,068
-0,247	-0,068
-0,245	-0,068
-0,245	-0,068
-0,239	-0,068
-0,241	-0,068
-0,231	-0,067
-0,228	-0,067
-0,220	-0,066
-0,214	-0,065
-0,203	-0,064
-0,198	-0,064
-0,191	-0,063
-0,177	-0,061
-0,159	-0,059
-0,155	-0,058
-0,152	-0,057
-0,143	-0,057
-0,137	-0,055
-0,119	-0,054
-0,112	-0,053
-0,102	-0,051
-0,086	-0,049
-0,071	-0,047
-0,066	-0,045
-0,052	-0,044
-0,036	-0,040
-0,008	-0,038
-0,001	-0,033
0,000	-0,033
0,000	-0,033
-0,001	-0,033
0,000	-0,033
0,000	-0,033
-0,001	-0,033
-0,001	-0,033
-0,001	-0,033
-0,001	-0,033
0,000	-0,033
0,000	-0,033
0,000	-0,033
0,000	-0,032
0,000	-0,032
0,000	-0,033
0,000	-0,032
0,000	-0,032
0,000	-0,033
0,001	-0,032
0,001	-0,033
0,000	-0,033
0,000	-0,032
0,000	-0,033
0,000	-0,033
0,000	-0,032
0,001	-0,032
0,001	-0,032
0,003	-0,032
0,032	-0,031
0,035	-0,027
0,040	-0,025
0,054	-0,023
0,060	-0,021
0,064	-0,020
0,069	-0,019
0,076	-0,018
0,084	-0,016
0,088	-0,015
0,095	-0,014
0,113	-0,013
0,119	-0,018
0,127	-0,012
0,133	-0,012
0,137	-0,009
0,157	-0,003
0,154	0,002
0,165	0,004
0,172	0,006
0,167	0,008
0,179	0,010
0,186	0,016
0,189	0,019
0,188	0,021
0,196	0,021
0,192	0,023
0,196	0,024
0,199	0,025
0,199	0,027
0,203	0,028
0,201	0,029
0,208	0,031
0,211	0,033
0,216	0,035
0,222	0,038
0,226	0,041
0,235	0,043
0,232	0,045
0,241	0,048
0,240	0,050
0,228	0,049
0,216	0,049
0,218	0,047
0,196	0,045
0,196	0,043
0,192	0,043
0,187	0,042
0,182	0,041
0,179	0,040
0,173	0,039
0,160	0,038
0,168	0,038
0,162	0,038
0,154	0,036
0,135	0,034
0,136	0,032
0,128	0,031
0,115	0,030
0,104	0,027
0,103	0,025
0,089	0,022
0,078	0,021
0,065	0,019
0,060	0,015
0,055	0,014
0,037	0,012
0,033	0,008
0,031	0,007
0,025	0,007
0,003	0,005
0,001	-0,001
0,000	-0,001
0,000	-0,002
0,000	-0,002
0,000	-0,002
0,000	-0,002
0,000	-0,002
0,000	-0,002
0,001	-0,002
0,001	-0,002
0,000	-0,002
0,000	-0,001
-0,001	-0,002
0,000	-0,002
0,000	-0,002
-0,001	-0,002
0,000	-0,002
0,000	-0,002
-0,001	-0,002
0,000	-0,002
-0,001	-0,002
0,000	-0,002
-0,001	-0,002
0,000	-0,002
0,000	-0,002
0,000	-0,002
0,000	-0,002
-0,001	-0,002
-0,001	-0,002
0,000	-0,002
-0,001	-0,002
-0,001	-0,002
-0,001	-0,002
-0,001	-0,002
-0,002	-0,002
-0,041	-0,006
-0,043	-0,015
-0,051	-0,017
-0,057	-0,019
-0,062	-0,021
-0,063	-0,022
-0,066	-0,023
-0,069	-0,024
-0,073	-0,025
-0,080	-0,028
-0,085	-0,030
-0,089	-0,031
-0,091	-0,033
-0,101	-0,035
-0,127	-0,039
-0,124	-0,048
-0,134	-0,049
-0,143	-0,051
-0,138	-0,054
-0,157	-0,058
-0,161	-0,063
-0,165	-0,065
-0,170	-0,067
-0,172	-0,068
-0,179	-0,069
-0,175	-0,068
-0,191	-0,064
-0,194	-0,064
-0,199	-0,066
-0,205	-0,067
-0,203	-0,068
-0,216	-0,071
-0,227	-0,073
-0,237	-0,070
-0,243	-0,061
-0,254	-0,063
-0,261	-0,066
-0,265	-0,067
-0,268	-0,068
-0,279	-0,070
-0,289	-0,073
-0,295	-0,075
-0,317	-0,078
-0,325	-0,085
-0,331	-0,087
-0,328	-0,088
-0,336	-0,089
-0,334	-0,090
-0,340	-0,090
-0,339	-0,091
-0,349	-0,091
-0,348	-0,093
-0,347	-0,093
-0,347	-0,093
-0,360	-0,095
-0,361	-0,096
-0,356	-0,097
-0,370	-0,099
-0,376	-0,100
-0,397	-0,103
-0,395	-0,106
-0,400	-0,107
-0,404	-0,108
-0,412	-0,110
-0,424	-0,111
-0,420	-0,113
-0,424	-0,114
-0,430	-0,114
-0,425	-0,115
-0,435	-0,115
-0,434	-0,116
-0,438	-0,116
-0,436	-0,118
-0,442	-0,118
-0,445	-0,119
-0,441	-0,120
-0,448	-0,121
-0,454	-0,121
-0,455	-0,122
-0,456	-0,123
-0,459	-0,123
-0,459	-0,124
-0,462	-0,124
-0,463	-0,124
-0,465	-0,125
-0,461	-0,124
-0,459	-0,125
-0,466	-0,124
-0,461	-0,124
-0,464	-0,125
-0,459	-0,124
-0,462	-0,124
-0,460	-0,124
-0,460	-0,124
-0,447	-0,124
-0,452	-0,123
-0,439	-0,123
-0,434	-0,122
-0,425	-0,121
-0,419	-0,121
-0,423	-0,120
-0,400	-0,119
-0,392	-0,118
-0,397	-0,117
-0,390	-0,117
-0,379	-0,116
-0,374	-0,115
-0,365	-0,114
-0,367	-0,114
-0,354	-0,113
-0,349	-0,111
-0,339	-0,111
-0,330	-0,110
-0,323	-0,108
-0,310	-0,108
-0,303	-0,106
-0,301	-0,105
-0,296	-0,104
-0,282	-0,103
-0,272	-0,101
-0,269	-0,100
-0,264	-0,099
-0,253	-0,098
-0,230	-0,097
-0,225	-0,094
-0,224	-0,093
-0,221	-0,093
-0,218	-0,092
-0,205	-0,091
-0,198	-0,090
-0,194	-0,089
-0,191	-0,088
-0,185	-0,088
-0,176	-0,086
-0,174	-0,084
-0,165	-0,084
-0,157	-0,083
-0,160	-0,082
-0,157	-0,081
-0,142	-0,080
-0,143	-0,079
-0,140	-0,078
-0,133	-0,077
-0,129	-0,076
-0,122	-0,075
-0,120	-0,074
-0,110	-0,073
-0,109	-0,072
-0,098	-0,071
-0,091	-0,070
-0,088	-0,068
-0,085	-0,067
-0,072	-0,066
-0,067	-0,063
-0,064	-0,062
-0,060	-0,062
-0,052	-0,060
-0,042	-0,057
-0,035	-0,056
-0,030	-0,054
-0,020	-0,053
-0,009	-0,049
-0,002	-0,046
-0,001	-0,045
0,000	-0,045
0,000	-0,045
-0,001	-0,045
0,000	-0,045
0,000	-0,045
-0,001	-0,045
0,000	-0,045
-0,001	-0,045
0,000	-0,045
0,000	-0,045
0,000	-0,045
0,000	-0,045
-0,001	-0,045
0,000	-0,045
0,001	-0,045
0,000	-0,045
0,000	-0,045
0,000	-0,045
0,000	-0,045
0,001	-0,045
0,001	-0,045
0,001	-0,045
0,000	-0,045
0,000	-0,045
0,000	-0,045
0,000	-0,045
0,000	-0,045
0,001	-0,045
0,000	-0,045
0,000	-0,045
0,001	-0,045
0,002	-0,045
0,001	-0,044
0,029	-0,043
0,032	-0,036
0,033	-0,035
0,037	-0,035
0,040	-0,033
0,046	-0,032
0,051	-0,030
0,057	-0,029
0,061	-0,027
0,065	-0,026
0,066	-0,025
0,068	-0,024
0,072	-0,024
0,080	-0,022
0,089	-0,019
0,097	-0,016
0,111	-0,014
0,112	-0,010
0,116	-0,008
0,126	-0,018
0,131	-0,012
0,160	-0,005
0,179	0,010
0,187	0,019
0,186	0,019
0,187	0,020
0,196	0,025
0,201	0,028
0,210	0,030
0,212	0,035
0,221	0,038
0,218	0,040
0,227	0,041
0,226	0,044
0,232	0,045
0,241	0,047
0,247	0,052
0,253	0,055
0,254	0,057
0,262	0,059
0,260	0,062
0,268	0,063
0,269	0,053
0,275	0,055
0,285	0,058
0,282	0,059
0,286	0,061
0,296	0,062
0,293	0,063
0,300	0,063
0,296	0,064
0,295	0,065
0,298	0,065
0,306	0,049
0,313	0,053
0,318	0,055
0,322	0,057
0,328	0,057
0,330	0,059
0,327	0,059
0,344	0,060
0,348	0,062
0,351	0,063
0,347	0,064
0,347	0,064
0,350	0,064
0,354	0,065
0,356	0,066
0,361	0,067
0,367	0,070
0,371	0,071
0,381	0,073
0,385	0,075
0,390	0,077
0,385	0,077
0,394	0,078
0,396	0,079
0,394	0,079
0,403	0,079
0,399	0,081
0,397	0,081
0,408	0,083
0,421	0,084
0,423	0,086
0,424	0,088
0,421	0,089
0,420	0,089
0,432	0,090
0,435	0,092
0,441	0,093
0,438	0,093
0,445	0,093
0,446	0,094
0,453	0,095
0,453	0,096
0,447	0,097
0,457	0,098
0,455	0,098
0,458	0,099
0,465	0,099
0,456	0,099
0,458	0,099
0,460	0,099
0,467	0,100
0,464	0,101
0,462	0,101
0,471	0,101
0,474	0,102
0,470	0,102
0,471	0,103
0,467	0,103
0,471	0,103
0,471	0,102
0,468	0,102
0,478	0,103
0,465	0,102
0,462	0,102
0,468	0,102
0,456	0,102
0,453	0,101
0,438	0,100
0,446	0,100
0,438	0,100
0,435	0,100
0,434	0,099
0,430	0,099
0,426	0,099
0,427	0,099
0,429	0,098
0,429	0,098
0,417	0,098
0,413	0,098
0,410	0,098
0,414	0,097
0,408	0,096
0,402	0,096
0,391	0,096
0,397	0,095
0,395	0,096
0,390	0,095
0,395	0,095
0,391	0,094
0,382	0,094
0,367	0,092
0,366	0,092
0,364	0,091
0,359	0,091
0,366	0,090
0,358	0,090
0,356	0,090
0,353	0,089
0,346	0,089
0,338	0,089
0,338	0,089
0,338	0,088
0,342	0,088
0,331	0,088
0,334	0,087
0,335	0,087
0,323	0,087
0,324	0,087
0,323	0,086
0,318	0,085
0,316	0,085
0,304	0,085
0,309	0,084
0,302	0,083
0,294	0,083
0,295	0,082
0,299	0,082
0,294	0,082
0,285	0,082
0,291	0,081
0,279	0,081
0,276	0,081
0,269	0,080
0,258	0,079
0,266	0,078
0,262	0,078
0,262	0,078
0,253	0,077
0,248	0,076
0,244	0,075
0,238	0,075
0,233	0,074
0,222	0,073
0,218	0,072
0,207	0,071
0,200	0,070
0,194	0,067
0,192	0,067
0,195	0,067
0,194	0,067
0,188	0,067
0,180	0,066
0,175	0,065
0,170	0,064
0,165	0,063
0,164	0,062
0,162	0,062
0,160	0,062
0,149	0,062
0,145	0,060
0,141	0,059
0,131	0,058
0,130	0,057
0,123	0,056
0,118	0,055
0,111	0,054
0,104	0,052
0,101	0,052
0,097	0,050
0,097	0,049
0,094	0,049
0,081	0,047
0,080	0,047
0,065	0,045
0,061	0,043
0,058	0,042
0,048	0,041
0,039	0,039
0,033	0,037
0,028	0,036
0,019	0,035
0,004	0,031
0,002	0,029
0,001	0,029
0,001	0,028
0,000	0,028
0,000	0,028
0,001	0,028
0,000	0,028
0,001	0,028
0,000	0,028
0,000	0,028
0,001	0,028
0,000	0,028
0,000	0,028
0,000	0,028
0,000	0,028
0,000	0,028
0,000	0,028
0,000	0,028
0,001	0,028
0,000	0,028
0,001	0,028
0,000	0,028
0,001	0,028
0,001	0,028
0,000	0,028
0,001	0,028
0,000	0,028
0,000	0,028
0,001	0,028
0,000	0,028
0,001	0,028
0,001	0,028
0,000	0,028
0,000	0,028
0,000	0,028
0,000	0,028
0,000	0,028
0,000	0,028
0,000	0,028
-0,001	0,028
-0,001	0,028
-0,001	0,028
-0,001	0,028
0,000	0,028
-0,001	0,028
-0,001	0,028
0,000	0,028
0,000	0,028
0,000	0,028
-0,001	0,028
0,000	0,028
0,000	0,028
0,000	0,028
0,000	0,028
-0,001	0,028
-0,001	0,028
-0,001	0,028
-0,033	0,026
-0,041	0,019
-0,048	0,017
-0,057	0,015
-0,061	0,012
-0,062	0,012
-0,065	0,011
-0,070	0,010
-0,074	0,008
-0,082	0,007
-0,087	0,005
-0,090	0,004
-0,089	0,003
-0,117	0,007
-0,120	-0,007
-0,126	-0,009
-0,133	-0,013
-0,135	-0,016
-0,139	-0,020
-0,148	-0,025
-0,156	-0,028
-0,157	-0,032
-0,164	-0,035
-0,172	-0,039
-0,175	-0,042
-0,178	-0,046
-0,191	-0,049
-0,186	-0,052
-0,195	-0,054
-0,200	-0,055
-0,205	-0,059
-0,207	-0,063
-0,213	-0,065
-0,222	-0,067
-0,227	-0,070
-0,241	-0,079
-0,245	-0,083
-0,245	-0,053
-0,256	-0,055
-0,268	-0,057
-0,264	-0,058
-0,277	-0,061
-0,284	-0,063
-0,286	-0,064
-0,292	-0,066
-0,293	-0,067
-0,300	-0,068
-0,295	-0,068
-0,306	-0,070
-0,309	-0,071
-0,307	-0,072
-0,315	-0,074
-0,323	-0,076
-0,323	-0,077
-0,330	-0,078
-0,326	-0,079
-0,332	-0,079
-0,343	-0,081
-0,347	-0,082
-0,346	-0,084
-0,357	-0,087
-0,361	-0,087
-0,370	-0,089
-0,372	-0,091
-0,379	-0,092
-0,384	-0,095
-0,392	-0,097
-0,400	-0,098
-0,394	-0,099
-0,403	-0,100
-0,415	-0,103
-0,419	-0,106
-0,418	-0,106
-0,418	-0,107
-0,425	-0,106
-0,421	-0,107
-0,432	-0,107
-0,468	-0,115
-0,485	-0,121
-0,479	-0,123
-0,487	-0,124
-0,491	-0,125
-0,489	-0,125
-0,495	-0,126
-0,499	-0,127
-0,504	-0,128
-0,503	-0,130
-0,501	-0,130
-0,517	-0,131
-0,523	-0,133
-0,528	-0,134
-0,537	-0,136
-0,538	-0,136
-0,547	-0,138
-0,542	-0,140
-0,555	-0,141
-0,565	-0,143
-0,576	-0,147
-0,575	-0,148
-0,583	-0,149
-0,588	-0,150
-0,597	-0,151
-0,597	-0,152
-0,600	-0,152
-0,603	-0,153
-0,606	-0,154
-0,605	-0,155
-0,625	-0,157
-0,623	-0,159
-0,622	-0,159
-0,625	-0,159
-0,631	-0,160
-0,635	-0,160
-0,632	-0,161
-0,641	-0,162
-0,645	-0,163
-0,656	-0,165
-0,667	-0,167
-0,658	-0,168
-0,670	-0,168
-0,685	-0,171
-0,689	-0,173
-0,690	-0,173
-0,692	-0,174
-0,696	-0,174
-0,693	-0,174
-0,703	-0,174
-0,696	-0,175
-0,695	-0,175
-0,708	-0,176
-0,702	-0,176
-0,702	-0,176
-0,702	-0,176
-0,709	-0,177
-0,714	-0,178
-0,708	-0,179
-0,721	-0,179
-0,712	-0,179
-0,715	-0,179
-0,718	-0,179
-0,710	-0,179
-0,700	-0,179
-0,696	-0,177
-0,690	-0,177
-0,683	-0,176
-0,687	-0,176
-0,679	-0,175
-0,664	-0,175
-0,663	-0,174
-0,657	-0,174
-0,656	-0,173
-0,649	-0,173
-0,644	-0,173
-0,646	-0,172
-0,642	-0,171
-0,625	-0,171
-0,632	-0,170
-0,624	-0,170
-0,628	-0,170
-0,614	-0,169
-0,610	-0,169
-0,604	-0,168
-0,603	-0,168
-0,603	-0,168
-0,583	-0,167
-0,576	-0,166
-0,573	-0,165
-0,571	-0,164
-0,556	-0,163
-0,557	-0,162
-0,548	-0,161
-0,531	-0,160
-0,537	-0,159
-0,523	-0,158
-0,514	-0,157
-0,508	-0,156
-0,497	-0,156
-0,491	-0,155
-0,475	-0,152
-0,468	-0,151
-0,469	-0,151
-0,466	-0,150
-0,456	-0,149
-0,451	-0,149
-0,447	-0,149
-0,442	-0,148
-0,437	-0,146
-0,420	-0,145
-0,406	-0,143
-0,399	-0,141
-0,396	-0,140
-0,372	-0,138
-0,360	-0,136
-0,360	-0,135
-0,359	-0,134
-0,338	-0,133
-0,325	-0,131
-0,321	-0,129
-0,325	-0,128
-0,300	-0,126
-0,295	-0,125
-0,284	-0,123
-0,275	-0,122
-0,263	-0,118
-0,251	-0,116
-0,230	-0,114
-0,215	-0,110
-0,208	-0,109
-0,196	-0,106
-0,190	-0,104
-0,189	-0,103
-0,181	-0,102
-0,176	-0,100
-0,167	-0,098
-0,159	-0,097
-0,155	-0,096
-0,152	-0,095
-0,133	-0,092
-0,124	-0,088
-0,114	-0,086
-0,113	-0,085
-0,115	-0,084
-0,110	-0,084
-0,109	-0,083
-0,107	-0,083
-0,106	-0,083
-0,114	-0,083
-0,104	-0,083
-0,116	-0,083
-0,104	-0,083
-0,105	-0,083
-0,101	-0,082
-0,100	-0,082
-0,097	-0,081
-0,090	-0,080
-0,081	-0,078
-0,084	-0,076
-0,071	-0,074
-0,067	-0,072
-0,064	-0,072
-0,060	-0,071
-0,050	-0,069
-0,038	-0,065
-0,026	-0,062
-0,004	-0,058
-0,002	-0,053
-0,001	-0,052
-0,001	-0,052
-0,001	-0,052
-0,001	-0,052
-0,001	-0,052
-0,001	-0,052
0,000	-0,051
0,000	-0,051
0,000	-0,052
0,000	-0,052
0,000	-0,052
-0,001	-0,051
-0,001	-0,051
0,000	-0,051
-0,001	-0,052
-0,001	-0,051
0,000	-0,051
0,000	-0,051
0,001	-0,051
0,000	-0,051
0,001	-0,051
0,001	-0,051
0,001	-0,051
0,000	-0,051
0,001	-0,051
0,001	-0,051
0,001	-0,051
0,001	-0,051
0,000	-0,051
0,001	-0,051
0,001	-0,051
0,041	-0,051
0,053	-0,036
0,059	-0,033
0,066	-0,030
0,080	-0,027
0,086	-0,023
0,094	-0,021
0,099	-0,018
0,119	-0,016
0,131	-0,009
0,129	-0,014
0,142	-0,006
0,152	0,001
0,165	0,006
0,176	0,011
0,187	0,021
0,192	0,025
0,205	0,031
0,209	0,033
0,215	0,038
0,218	0,042
0,220	0,044
0,227	0,045
0,247	0,053
0,254	0,063
0,259	0,065
0,254	0,066
0,257	0,067
0,264	0,068
0,266	0,068
0,261	0,068
0,274	0,065
0,277	0,065
0,283	0,065
0,284	0,065
0,302	0,066
0,301	0,069
0,312	0,053
0,324	0,057
0,331	0,061
0,345	0,063
0,353	0,065
0,356	0,067
0,356	0,070
0,367	0,072
0,373	0,073
0,376	0,074
0,382	0,075
0,389	0,078
0,395	0,079
0,395	0,081
0,389	0,081
0,399	0,081
0,394	0,082
0,405	0,082
0,401	0,082
0,414	0,084
0,424	0,089
0,420	0,090
0,434	0,091
0,428	0,092
0,438	0,092
0,440	0,093
0,444	0,093
0,446	0,095
0,447	0,096
0,450	0,097
0,460	0,097
0,451	0,097
0,440	0,097
0,455	0,097
0,461	0,097
0,489	0,104
0,491	0,109
0,500	0,110
0,506	0,110
0,498	0,112
0,508	0,114
0,504	0,114
0,521	0,115
0,532	0,119
0,539	0,121
0,536	0,122
0,536	0,123
0,547	0,124
0,551	0,125
0,550	0,126
0,575	0,130
0,563	0,132
0,573	0,132
0,585	0,133
0,594	0,135
0,593	0,137
0,596	0,139
0,595	0,140
0,601	0,140
0,609	0,141
0,612	0,143
0,615	0,143
0,621	0,144
0,624	0,145
0,631	0,147
0,632	0,148
0,630	0,148
0,627	0,148
0,629	0,149
0,627	0,149
0,647	0,150
0,640	0,152
0,649	0,153
0,657	0,154
0,663	0,156
0,666	0,157
0,665	0,157
0,670	0,158
0,667	0,159
0,674	0,159
0,676	0,160
0,687	0,161
0,682	0,162
0,684	0,163
0,680	0,164
0,687	0,164
0,689	0,164
0,700	0,164
0,694	0,165
0,699	0,165
0,697	0,165
0,702	0,166
0,700	0,166
0,706	0,167
0,704	0,167
0,698	0,167
0,708	0,168
0,719	0,168
0,709	0,169
0,707	0,169
0,696	0,169
0,675	0,166
0,672	0,165
0,669	0,165
0,671	0,165
0,661	0,164
0,649	0,164
0,642	0,163
0,633	0,162
0,633	0,162
0,641	0,161
0,628	0,161
0,629	0,160
0,628	0,160
0,623	0,160
0,622	0,160
0,607	0,159
0,608	0,158
0,605	0,158
0,601	0,158
0,603	0,158
0,597	0,157
0,594	0,157
0,587	0,156
0,586	0,156
0,582	0,156
0,578	0,155
0,562	0,155
0,566	0,153
0,567	0,153
0,549	0,152
0,551	0,151
0,544	0,151
0,540	0,151
0,538	0,150
0,530	0,150
0,527	0,149
0,516	0,149
0,517	0,148
0,510	0,147
0,517	0,147
0,511	0,147
0,502	0,147
0,499	0,146
0,493	0,145
0,482	0,144
0,489	0,144
0,473	0,143
0,473	0,142
0,470	0,142
0,454	0,140
0,459	0,140
0,459	0,140
0,456	0,139
0,453	0,139
0,435	0,138
0,431	0,137
0,422	0,136
0,420	0,136
0,423	0,135
0,402	0,132
0,398	0,131
0,402	0,131
0,397	0,131
0,376	0,130
0,382	0,128
0,378	0,128
0,359	0,127
0,352	0,125
0,356	0,125
0,351	0,125
0,334	0,123
0,340	0,122
0,326	0,122
0,327	0,120
0,323	0,119
0,294	0,118
0,305	0,116
0,302	0,116
0,299	0,116
0,289	0,114
0,282	0,113
0,273	0,110
0,265	0,110
0,265	0,108
0,244	0,108
0,235	0,104
0,235	0,104
0,231	0,104
0,228	0,101
0,222	0,101
0,208	0,099
0,207	0,098
0,200	0,097
0,198	0,096
0,185	0,094
0,178	0,093
0,182	0,092
0,184	0,091
0,174	0,091
0,176	0,091
0,148	0,090
0,133	0,083
0,133	0,081
0,117	0,081
0,108	0,075
0,098	0,074
0,099	0,073
0,096	0,073
0,092	0,071
0,069	0,070
0,063	0,065
0,042	0,061
0,036	0,057
0,016	0,056
0,004	0,049
0,002	0,046
0,001	0,046
0,001	0,045
0,001	0,045
0,001	0,045
0,000	0,046
0,000	0,045
0,000	0,045
0,000	0,045
0,001	0,045
0,001	0,045
0,000	0,045
0,001	0,045
0,000	0,045
0,000	0,045
0,000	0,045
0,000	0,045
-0,001	0,045
-0,001	0,045
0,000	0,045
-0,001	0,045
0,000	0,045
-0,001	0,045
-0,001	0,045
-0,001	0,045
0,000	0,045
0,000	0,045
0,000	0,045
-0,002	0,045
-0,046	0,045
-0,056	0,029
-0,061	0,026
-0,065	0,025
-0,069	0,023
-0,080	0,021
-0,091	0,017
-0,116	0,013
-0,128	0,004
-0,142	0,001
-0,147	-0,005
-0,159	-0,009
-0,164	-0,017
-0,172	-0,021
-0,178	-0,023
-0,177	-0,025
-0,195	-0,033
-0,194	-0,038
-0,207	-0,042
-0,213	-0,048
-0,220	-0,054
-0,234	-0,059
-0,247	-0,067
-0,259	-0,074
-0,270	-0,081
-0,271	-0,084
-0,291	-0,054
-0,298	-0,058
-0,303	-0,061
-0,331	-0,064
-0,353	-0,075
-0,352	-0,078
-0,360	-0,080
-0,360	-0,082
-0,376	-0,084
-0,381	-0,086
-0,388	-0,087
-0,386	-0,089
-0,403	-0,092
-0,409	-0,096
-0,408	-0,097
-0,412	-0,099
-0,428	-0,100
-0,432	-0,102
-0,436	-0,104
-0,446	-0,106
-0,445	-0,108
-0,448	-0,108
-0,459	-0,109
-0,465	-0,113
-0,476	-0,116
-0,476	-0,117
-0,492	-0,119
-0,496	-0,122
-0,500	-0,123
-0,505	-0,124
-0,497	-0,124
-0,512	-0,125
-0,511	-0,127
-0,518	-0,128
-0,531	-0,130
-0,527	-0,131
-0,522	-0,131
-0,527	-0,131
-0,529	-0,131
-0,518	-0,132
-0,544	-0,132
-0,569	-0,139
-0,573	-0,142
-0,570	-0,143
-0,576	-0,143
-0,580	-0,146
-0,593	-0,147
-0,596	-0,148
-0,594	-0,148
-0,597	-0,149
-0,612	-0,150
-0,618	-0,153
-0,614	-0,155
-0,627	-0,156
-0,628	-0,157
-0,641	-0,158
-0,641	-0,159
-0,643	-0,160
-0,650	-0,161
-0,656	-0,162
-0,657	-0,164
-0,659	-0,165
-0,662	-0,165
-0,669	-0,167
-0,673	-0,168
-0,679	-0,169
-0,686	-0,170
-0,689	-0,170
-0,694	-0,172
-0,710	-0,173
-0,700	-0,174
-0,699	-0,175
-0,706	-0,175
-0,723	-0,177
-0,727	-0,179
-0,734	-0,180
-0,740	-0,181
-0,737	-0,181
-0,748	-0,182
-0,764	-0,186
-0,769	-0,188
-0,771	-0,190
-0,779	-0,191
-0,788	-0,191
-0,801	-0,193
-0,807	-0,196
-0,817	-0,197
-0,825	-0,200
-0,831	-0,201
-0,835	-0,201
-0,844	-0,202
-0,841	-0,203
-0,851	-0,204
-0,853	-0,204
-0,856	-0,205
-0,862	-0,207
-0,862	-0,208
-0,870	-0,209
-0,872	-0,209
-0,878	-0,210
-0,886	-0,211
-0,885	-0,213
-0,898	-0,213
-0,904	-0,215
-0,904	-0,215
-0,895	-0,215
-0,896	-0,215
-0,895	-0,215
-0,901	-0,215
-0,908	-0,215
-0,915	-0,217
-0,916	-0,218
-0,921	-0,219
-0,927	-0,219
-0,919	-0,219
-0,930	-0,220
-0,929	-0,220
-0,934	-0,220
-0,936	-0,221
-0,944	-0,224
-0,942	-0,224
-0,949	-0,224
-0,952	-0,225
-0,955	-0,225
-0,952	-0,225
-0,952	-0,225
-0,956	-0,225
-0,954	-0,226
-0,959	-0,226
-0,966	-0,227
-0,974	-0,228
-0,966	-0,228
-0,974	-0,228
-0,964	-0,228
-0,969	-0,228
-0,941	-0,227
-0,940	-0,226
-0,924	-0,225
-0,913	-0,224
-0,918	-0,224
-0,913	-0,224
-0,904	-0,222
-0,897	-0,222
-0,896	-0,221
-0,902	-0,221
-0,881	-0,221
-0,873	-0,219
-0,870	-0,219
-0,853	-0,219
-0,864	-0,218
-0,848	-0,217
-0,836	-0,217
-0,833	-0,216
-0,828	-0,216
-0,829	-0,215
-0,818	-0,215
-0,804	-0,213
-0,797	-0,212
-0,794	-0,211
-0,796	-0,211
-0,786	-0,210
-0,777	-0,210
-0,778	-0,209
-0,765	-0,209
-0,764	-0,208
-0,753	-0,207
-0,755	-0,207
-0,749	-0,207
-0,747	-0,206
-0,733	-0,204
-0,727	-0,203
-0,717	-0,203
-0,709	-0,202
-0,711	-0,202
-0,711	-0,201
-0,701	-0,201
-0,699	-0,200
-0,688	-0,199
-0,671	-0,199
-0,675	-0,198
-0,670	-0,197
-0,670	-0,196
-0,665	-0,196
-0,659	-0,195
-0,651	-0,194
-0,638	-0,193
-0,636	-0,193
-0,627	-0,192
-0,627	-0,191
-0,624	-0,191
-0,624	-0,191
-0,622	-0,190
-0,614	-0,190
-0,613	-0,189
-0,599	-0,188
-0,591	-0,187
-0,582	-0,185
-0,578	-0,184
-0,573	-0,184
-0,568	-0,183
-0,561	-0,182
-0,563	-0,182
-0,564	-0,182
-0,556	-0,182
-0,548	-0,181
-0,548	-0,180
-0,542	-0,179
-0,543	-0,179
-0,534	-0,178
-0,530	-0,178
-0,526	-0,177
-0,523	-0,176
-0,508	-0,175
-0,507	-0,174
-0,502	-0,174
-0,506	-0,173
-0,497	-0,172
-0,489	-0,171
-0,475	-0,170
-0,459	-0,169
-0,454	-0,167
-0,454	-0,165
-0,448	-0,165
-0,438	-0,163
-0,433	-0,162
-0,427	-0,162
-0,409	-0,160
-0,399	-0,157
-0,372	-0,155
-0,339	-0,148
-0,327	-0,143
-0,326	-0,142
-0,329	-0,142
-0,332	-0,142
-0,331	-0,142
-0,325	-0,142
-0,332	-0,142
-0,306	-0,139
-0,303	-0,137
-0,277	-0,135
-0,274	-0,131
-0,267	-0,131
-0,262	-0,130
-0,261	-0,128
-0,263	-0,128
-0,264	-0,127
-0,232	-0,126
-0,225	-0,121
-0,229	-0,121
-0,219	-0,119
-0,210	-0,117
-0,210	-0,117
-0,210	-0,116
-0,195	-0,114
-0,182	-0,113
-0,179	-0,109
-0,169	-0,108
-0,160	-0,105
-0,162	-0,104
-0,153	-0,104
-0,156	-0,103
-0,140	-0,100
-0,130	-0,098
-0,120	-0,095
-0,113	-0,093
-0,100	-0,091
-0,089	-0,085
-0,088	-0,084
-0,076	-0,083
-0,062	-0,079
-0,042	-0,073
-0,034	-0,068
-0,014	-0,066
-0,004	-0,059
-0,002	-0,056
-0,001	-0,056
-0,001	-0,056
-0,001	-0,056
-0,001	-0,056
-0,001	-0,056
0,000	-0,056
0,000	-0,056
0,001	-0,056
0,000	-0,055
0,000	-0,056
0,001	-0,055
0,000	-0,055
0,000	-0,055
0,001	-0,055
0,000	-0,055
0,001	-0,055
0,003	-0,055
0,010	-0,055
0,052	-0,050
0,055	-0,037
0,058	-0,036
0,061	-0,035
0,066	-0,033
0,072	-0,031
0,073	-0,030
0,074	-0,030
0,075	-0,029
0,079	-0,029
0,083	-0,027
0,085	-0,026
0,096	-0,024
0,124	-0,019
0,126	-0,010
0,130	-0,008
0,136	-0,007
0,142	-0,015
0,155	-0,005
0,164	0,002
0,166	0,005
0,182	0,010
0,179	0,015
0,186	0,018
0,187	0,021
0,209	0,026
0,220	0,036
0,225	0,041
0,242	0,047
0,252	0,058
0,266	0,066
0,265	0,069
0,271	0,071
0,282	0,074
0,280	0,061
0,283	0,067
0,290	0,067
0,290	0,067
0,296	0,068
0,299	0,069
0,307	0,071
0,302	0,072
0,320	0,056
0,324	0,060
0,331	0,062
0,338	0,064
0,344	0,066
0,350	0,068
0,366	0,072
0,368	0,073
0,381	0,075
0,386	0,078
0,395	0,081
0,394	0,083
0,397	0,084
0,403	0,084
0,413	0,085
0,426	0,090
0,432	0,093
0,435	0,093
0,437	0,094
0,431	0,094
0,434	0,094
0,438	0,095
0,430	0,095
0,441	0,096
0,448	0,096
0,443	0,097
0,448	0,098
0,459	0,100
0,465	0,104
0,478	0,106
0,483	0,107
0,495	0,110
0,503	0,113
0,507	0,115
0,514	0,118
0,523	0,119
0,539	0,122
0,535	0,123
0,539	0,124
0,541	0,125
0,547	0,126
0,548	0,127
0,552	0,127
0,555	0,129
0,558	0,129
0,566	0,130
0,563	0,131
0,566	0,132
0,558	0,132
0,567	0,132
0,561	0,132
0,567	0,132
0,565	0,133
0,562	0,133
0,566	0,133
0,573	0,134
0,578	0,135
0,577	0,135
0,579	0,136
0,586	0,136
0,590	0,138
0,587	0,138
0,593	0,139
0,596	0,140
0,593	0,141
0,600	0,141
0,599	0,142
0,600	0,142
0,606	0,142
0,604	0,142
0,610	0,142
0,601	0,142
0,605	0,143
0,610	0,143
0,606	0,143
0,610	0,143
0,607	0,144
0,606	0,144
0,613	0,144
0,608	0,144
0,614	0,145
0,620	0,145
0,623	0,146
0,622	0,146
0,617	0,147
0,622	0,147
0,625	0,147
0,624	0,147
0,627	0,148
0,630	0,148
0,630	0,149
0,633	0,150
0,637	0,150
0,636	0,151
0,641	0,152
0,648	0,152
0,650	0,153
0,667	0,156
0,666	0,158
0,666	0,158
0,676	0,159
0,674	0,160
0,680	0,161
0,693	0,162
0,694	0,165
0,704	0,166
0,709	0,167
0,714	0,168
0,720	0,170
0,739	0,173
0,749	0,177
0,766	0,180
0,769	0,181
0,771	0,182
0,784	0,184
0,787	0,186
0,793	0,187
0,793	0,187
0,791	0,187
0,797	0,188
0,805	0,190
0,807	0,191
0,813	0,192
0,814	0,192
0,831	0,195
0,840	0,197
0,838	0,199
0,847	0,199
0,856	0,199
0,858	0,202
0,862	0,203
0,870	0,204
0,875	0,205
0,879	0,207
0,895	0,208
0,886	0,209
0,893	0,210
0,900	0,210
0,901	0,211
0,915	0,212
0,922	0,214
0,919	0,215
0,922	0,216
0,923	0,216
0,928	0,216
0,928	0,217
0,941	0,218
0,941	0,219
0,940	0,219
0,941	0,219
0,948	0,219
0,936	0,219
0,942	0,219
0,945	0,219
0,940	0,219
0,939	0,219
0,940	0,219
0,937	0,219
0,943	0,219
0,939	0,219
0,949	0,220
0,964	0,221
0,957	0,224
0,952	0,223
0,957	0,223
0,952	0,223
0,956	0,223
0,960	0,223
0,956	0,223
0,932	0,222
0,916	0,220
0,910	0,219
0,892	0,219
0,867	0,216
0,839	0,213
0,828	0,211
0,820	0,210
0,814	0,210
0,811	0,209
0,803	0,209
0,787	0,207
0,783	0,206
0,784	0,205
0,773	0,205
0,772	0,205
0,762	0,204
0,755	0,203
0,759	0,203
0,755	0,202
0,739	0,202
0,731	0,200
0,718	0,199
0,705	0,198
0,704	0,196
0,698	0,196
0,698	0,196
0,689	0,195
0,693	0,195
0,680	0,194
0,668	0,193
0,659	0,192
0,659	0,191
0,652	0,190
0,644	0,190
0,637	0,189
0,637	0,188
0,634	0,188
0,638	0,188
0,628	0,187
0,621	0,186
0,607	0,185
0,600	0,184
0,601	0,184
0,589	0,183
0,579	0,181
0,571	0,180
0,571	0,179
0,565	0,178
0,562	0,177
0,543	0,177
0,538	0,176
0,540	0,175
0,541	0,175
0,531	0,175
0,511	0,174
0,509	0,170
0,497	0,169
0,496	0,169
0,482	0,167
0,476	0,166
0,473	0,165
0,470	0,164
0,453	0,163
0,453	0,162
0,447	0,161
0,437	0,160
0,437	0,159
0,435	0,158
0,422	0,157
0,410	0,155
0,395	0,153
0,389	0,152
0,383	0,151
0,374	0,148
0,371	0,147
0,374	0,147
0,372	0,147
0,377	0,147
0,377	0,147
0,366	0,147
0,369	0,147
0,357	0,146
0,350	0,143
0,343	0,142
0,346	0,143
0,350	0,142
0,334	0,142
0,331	0,140
0,327	0,140
0,316	0,139
0,297	0,134
0,289	0,131
0,293	0,131
0,288	0,131
0,284	0,131
0,278	0,130
0,286	0,129
0,290	0,130
0,280	0,129
0,280	0,129
0,285	0,128
0,263	0,127
0,261	0,126
0,268	0,126
0,255	0,126
0,255	0,125
0,234	0,123
0,211	0,116
0,212	0,114
0,208	0,113
0,210	0,113
0,205	0,113
0,205	0,113
0,201	0,111
0,204	0,111
0,200	0,111
0,203	0,110
0,203	0,110
0,201	0,111
0,203	0,111
0,205	0,111
0,203	0,110
0,189	0,110
0,183	0,108
0,162	0,105
0,144	0,100
0,134	0,096
0,136	0,095
0,130	0,095
0,124	0,094
0,123	0,093
0,119	0,092
0,095	0,087
0,089	0,083
0,083	0,082
0,086	0,082
0,072	0,080
0,064	0,075
0,057	0,073
0,055	0,072
0,050	0,071
0,039	0,068
0,034	0,066
0,032	0,064
0,029	0,064
0,026	0,063
0,005	0,061
0,002	0,055
0,002	0,054
0,001	0,054
0,001	0,054
0,001	0,053
0,001	0,053
0,000	0,053
0,001	0,053
0,000	0,053
0,001	0,053
0,000	0,054
0,001	0,053
0,000	0,053
-0,001	0,053
-0,001	0,053
0,000	0,053
-0,001	0,053
0,000	0,053
-0,001	0,053
0,000	0,053
-0,001	0,053
-0,001	0,053
0,000	0,053
-0,001	0,053
-0,001	0,053
-0,005	0,053
-0,044	0,050
-0,056	0,036
-0,063	0,032
-0,071	0,030
-0,077	0,027
-0,082	0,025
-0,086	0,023
-0,090	0,022
-0,095	0,021
-0,117	0,019
-0,130	0,010
-0,132	0,005
-0,137	0,009
-0,142	0,008
-0,158	0,006
-0,162	-0,002
-0,158	-0,004
-0,161	-0,006
-0,176	-0,009
-0,179	-0,014
-0,191	-0,020
-0,197	-0,028
-0,209	-0,033
-0,210	-0,038
-0,224	-0,042
-0,251	-0,055
-0,266	-0,067
-0,290	-0,079
-0,289	-0,087
-0,298	-0,055
-0,306	-0,059
-0,321	-0,061
-0,330	-0,065
-0,326	-0,066
-0,340	-0,067
-0,358	-0,070
-0,360	-0,073
-0,360	-0,076
-0,377	-0,078
-0,379	-0,081
-0,393	-0,083
-0,400	-0,086
-0,395	-0,088
-0,409	-0,089
-0,418	-0,091
-0,423	-0,094
-0,425	-0,097
-0,432	-0,098
-0,435	-0,100
-0,449	-0,102
-0,452	-0,104
-0,458	-0,106
-0,469	-0,108
-0,483	-0,111
-0,488	-0,114
-0,492	-0,116
-0,495	-0,117
-0,502	-0,118
-0,508	-0,119
-0,506	-0,121
-0,513	-0,122
-0,512	-0,123
-0,511	-0,123
-0,516	-0,123
-0,523	-0,124
-0,520	-0,126
-0,527	-0,126
-0,534	-0,127
-0,539	-0,129
-0,534	-0,130
-0,543	-0,131
-0,541	-0,132
-0,545	-0,133
-0,542	-0,134
-0,566	-0,135
-0,578	-0,139
-0,595	-0,142
-0,593	-0,144
-0,592	-0,144
-0,598	-0,146
-0,600	-0,147
-0,608	-0,148
-0,615	-0,149
-0,620	-0,152
-0,624	-0,153
-0,625	-0,154
-0,637	-0,155
-0,632	-0,156
-0,643	-0,158
-0,635	-0,158
-0,649	-0,159
-0,653	-0,160
-0,659	-0,161
-0,669	-0,162
-0,659	-0,162
-0,669	-0,164
-0,668	-0,165
-0,675	-0,166
-0,686	-0,167
-0,681	-0,167
-0,694	-0,168
-0,696	-0,169
-0,696	-0,170
-0,695	-0,171
-0,710	-0,173
-0,707	-0,174
-0,711	-0,174
-0,715	-0,174
-0,716	-0,175
-0,725	-0,176
-0,728	-0,178
-0,739	-0,179
-0,736	-0,179
-0,734	-0,180
-0,762	-0,183
-0,754	-0,185
-0,757	-0,185
-0,761	-0,186
-0,775	-0,187
-0,780	-0,189
-0,799	-0,191
-0,798	-0,194
-0,807	-0,195
-0,808	-0,195
-0,816	-0,196
-0,819	-0,199
-0,837	-0,201
-0,851	-0,203
-0,850	-0,205
-0,851	-0,205
-0,851	-0,205
-0,867	-0,207
-0,885	-0,210
-0,892	-0,211
-0,898	-0,213
-0,893	-0,213
-0,895	-0,213
-0,900	-0,214
-0,891	-0,214
-0,902	-0,214
-0,913	-0,217
-0,920	-0,218
-0,928	-0,218
-0,924	-0,220
-0,947	-0,221
-0,951	-0,223
-0,965	-0,225
-0,974	-0,228
-0,984	-0,230
-0,995	-0,231
-0,989	-0,231
-1,016	-0,235
-1,030	-0,237
-1,039	-0,239
-1,042	-0,241
-1,040	-0,242
-1,043	-0,243
-1,060	-0,243
-1,074	-0,245
-1,092	-0,248
-1,101	-0,251
-1,112	-0,252
-1,119	-0,254
-1,134	-0,255
-1,139	-0,258
-1,147	-0,259
-1,147	-0,260
-1,156	-0,261
-1,160	-0,261
-1,160	-0,262
-1,172	-0,263
-1,182	-0,265
-1,186	-0,265
-1,183	-0,267
-1,200	-0,268
-1,204	-0,269
-1,211	-0,270
-1,212	-0,270
-1,212	-0,270
-1,214	-0,270
-1,209	-0,271
-1,211	-0,271
-1,209	-0,271
-1,217	-0,271
-1,209	-0,271
-1,211	-0,271
-1,209	-0,270
-1,194	-0,270
-1,183	-0,269
-1,160	-0,267
-1,148	-0,266
-1,133	-0,264
-1,116	-0,262
-1,104	-0,261
-1,099	-0,261
-1,090	-0,261
-1,078	-0,260
-1,072	-0,259
-1,052	-0,257
-1,033	-0,255
-1,027	-0,254
-0,998	-0,252
-0,981	-0,250
-0,973	-0,248
-0,946	-0,246
-0,932	-0,244
-0,923	-0,244
-0,906	-0,242
-0,888	-0,239
-0,877	-0,238
-0,879	-0,237
-0,858	-0,236
-0,839	-0,234
-0,821	-0,232
-0,818	-0,230
-0,800	-0,229
-0,786	-0,228
-0,782	-0,226
-0,765	-0,225
-0,743	-0,222
-0,733	-0,220
-0,702	-0,218
-0,691	-0,215
-0,686	-0,213
-0,680	-0,212
-0,678	-0,212
-0,674	-0,212
-0,677	-0,211
-0,669	-0,210
-0,663	-0,209
-0,650	-0,208
-0,649	-0,207
-0,636	-0,206
-0,627	-0,204
-0,625	-0,204
-0,621	-0,204
-0,593	-0,201
-0,580	-0,199
-0,576	-0,197
-0,569	-0,196
-0,565	-0,195
-0,545	-0,193
-0,536	-0,191
-0,501	-0,186
-0,492	-0,184
-0,483	-0,182
-0,476	-0,180
-0,466	-0,177
-0,443	-0,175
-0,438	-0,173
-0,424	-0,171
-0,406	-0,168
-0,396	-0,165
-0,386	-0,164
-0,370	-0,160
-0,370	-0,159
-0,359	-0,159
-0,340	-0,155
-0,324	-0,151
-0,316	-0,149
-0,299	-0,146
-0,291	-0,143
-0,297	-0,143
-0,275	-0,141
-0,267	-0,138
-0,261	-0,136
-0,243	-0,134
-0,226	-0,130
-0,214	-0,127
-0,211	-0,124
-0,211	-0,123
-0,202	-0,122
-0,191	-0,119
-0,183	-0,116
-0,175	-0,115
-0,169	-0,115
-0,164	-0,111
-0,147	-0,108
-0,132	-0,104
-0,127	-0,101
-0,108	-0,096
-0,101	-0,093
-0,097	-0,092
-0,093	-0,091
-0,046	-0,087
-0,032	-0,073
-0,015	-0,069
-0,004	-0,063
-0,001	-0,059
-0,001	-0,059
0,000	-0,059
-0,001	-0,059
0,000	-0,059
-0,001	-0,059
0,000	-0,059
-0,001	-0,059
0,000	-0,059
0,000	-0,059
0,000	-0,059
-0,001	-0,059
0,000	-0,059
0,000	-0,059
0,001	-0,058
0,000	-0,058
0,001	-0,059
0,044	-0,056
0,056	-0,041
0,066	-0,037
0,076	-0,033
0,085	-0,030
0,092	-0,027
0,098	-0,024
0,127	-0,022
0,148	-0,008
0,172	-0,008
0,189	0,008
0,200	0,018
0,205	0,024
0,218	0,035
0,239	0,044
0,250	0,053
0,257	0,058
0,264	0,063
0,276	0,068
0,283	0,075
0,287	0,064
0,295	0,048
0,305	0,052
0,328	0,055
0,338	0,061
0,348	0,066
0,372	0,071
0,393	0,077
0,404	0,082
0,415	0,087
0,440	0,092
0,467	0,099
0,477	0,104
0,486	0,108
0,491	0,110
0,501	0,112
0,502	0,114
0,515	0,116
0,510	0,118
0,510	0,117
0,512	0,118
0,513	0,118
0,512	0,118
0,531	0,121
0,537	0,123
0,552	0,127
0,567	0,130
0,570	0,133
0,576	0,134
0,582	0,136
0,585	0,138
0,591	0,140
0,604	0,142
0,609	0,144
0,613	0,145
0,625	0,146
0,629	0,148
0,637	0,151
0,651	0,153
0,664	0,157
0,664	0,158
0,674	0,160
0,680	0,161
0,701	0,165
0,721	0,170
0,743	0,175
0,754	0,178
0,750	0,179
0,755	0,179
0,771	0,180
0,784	0,183
0,793	0,186
0,807	0,190
0,820	0,193
0,827	0,195
0,833	0,198
0,846	0,199
0,857	0,200
0,862	0,202
0,875	0,205
0,898	0,207
0,904	0,211
0,913	0,213
0,929	0,216
0,938	0,218
0,947	0,219
0,955	0,220
0,970	0,223
0,983	0,226
0,996	0,228
1,016	0,231
1,023	0,234
1,049	0,237
1,052	0,240
1,074	0,242
1,110	0,248
1,139	0,253
1,153	0,258
1,154	0,259
1,168	0,259
1,183	0,261
1,204	0,265
1,203	0,267
1,211	0,268
1,220	0,269
1,212	0,269
1,211	0,269
1,215	0,269
1,211	0,269
1,209	0,268
1,209	0,269
1,211	0,269
1,211	0,269
1,211	0,269
1,214	0,269
1,211	0,269
1,209	0,269
1,198	0,268
1,176	0,267
1,163	0,265
1,159	0,264
1,142	0,263
1,107	0,261
1,089	0,259
1,083	0,257
1,068	0,256
1,054	0,255
1,034	0,253
1,017	0,252
1,014	0,251
1,002	0,250
0,976	0,248
0,960	0,246
0,943	0,244
0,912	0,241
0,891	0,239
0,884	0,237
0,885	0,236
0,879	0,236
0,874	0,235
0,870	0,235
0,858	0,234
0,856	0,233
0,849	0,233
0,847	0,232
0,842	0,231
0,829	0,230
0,817	0,229
0,814	0,228
0,806	0,227
0,800	0,227
0,797	0,226
0,791	0,225
0,774	0,225
0,771	0,223
0,766	0,222
0,765	0,222
0,751	0,221
0,746	0,219
0,731	0,218
0,719	0,217
0,721	0,216
0,716	0,216
0,707	0,214
0,703	0,213
0,688	0,212
0,685	0,211
0,670	0,210
0,673	0,210
0,661	0,208
0,661	0,208
0,650	0,207
0,646	0,205
0,627	0,203
0,619	0,202
0,615	0,200
0,602	0,199
0,591	0,197
0,579	0,195
0,573	0,194
0,549	0,192
0,543	0,190
0,521	0,188
0,490	0,183
0,474	0,178
0,454	0,175
0,452	0,174
0,438	0,172
0,434	0,170
0,415	0,168
0,404	0,165
0,400	0,164
0,400	0,162
0,391	0,162
0,393	0,162
0,393	0,162
0,389	0,162
0,390	0,162
0,367	0,159
0,358	0,157
0,361	0,156
0,349	0,155
0,350	0,154
0,349	0,153
0,343	0,153
0,336	0,151
0,326	0,149
0,319	0,147
0,304	0,144
0,288	0,142
0,281	0,140
0,269	0,138
0,265	0,135
0,254	0,134
0,220	0,130
0,211	0,124
0,196	0,120
0,169	0,116
0,143	0,107
0,133	0,102
0,126	0,101
0,109	0,098
0,102	0,092
0,097	0,091
0,087	0,089
0,064	0,084
0,057	0,079
0,045	0,076
0,030	0,071
0,011	0,067
0,003	0,061
0,001	0,058
0,001	0,058
0,000	0,057
0,001	0,057
0,001	0,057
0,000	0,057
0,000	0,057
0,001	0,057
0,001	0,057
0,000	0,057
0,000	0,057
0,000	0,057
0,001	0,057
0,001	0,057
0,000	0,057
0,000	0,057
0,000	0,057
0,000	0,057
0,001	0,057
0,000	0,057
0,001	0,057
0,000	0,057
0,000	0,057
0,001	0,057
0,001	0,057
0,000	0,057
0,001	0,057
0,000	0,057
0,001	0,057
0,000	0,057
0,000	0,057
0,001	0,057
0,000	0,057
0,000	0,057
0,001	0,057
0,001	0,057
0,000	0,057
0,000	0,057
0,001	0,057
