-1,207	0,046
-0,398	0,046
-0,552	0,046
-1,066	0,046
-1,965	0,046
-2,440	0,046
-0,719	0,046
0,424	0,045
-1,554	0,046
-0,668	0,046
-0,167	0,046
-1,721	0,046
-1,849	0,046
-4,751	0,045
-2,221	0,046
-1,708	0,046
-4,135 0,045
-6,947 0,046
-77,773	0,045
-84,446	0,040
-88,810	0,040
-93,301	0,039
-104,852	0,038
-110,114	0,038
-120,637	0,037
-128,081	0,037
-134,241	0,036
-144,508	0,036
-163,117	0,034
-163,630	0,033
-183,138	0,032
-196,485	0,031
-212,013	0,029
-220,355	0,029
-234,601	0,028
-239,734	0,027
-253,723	0,026
-316,709	0,024
-340,374	0,018
-354,967	0,014
-357,728	0,011
-376,265	0,008
-427,538	0,002
-438,187	-0,003
-433,849	-0,007
-465,401	-0,010
-472,895	-0,016
-495,771	-0,022
-524,562	-0,028
-545,071	-0,033
-561,637	-0,043
-593,189	-0,049
-637,757	-0,057
-659,450	-0,065
-677,987	-0,070
-682,720	-0,075
-701,257	-0,081
-714,667	-0,085
-730,049	-0,089
-747,008	-0,094
-758,052	-0,098
-767,123	-0,101
-804,197	-0,107
-837,027	-0,114
-847,361	-0,121
-840,902	-0,125
-882,237	-0,129
-871,903	-0,131
-900,321	-0,136
-902,904	-0,142
-923,571	-0,144
-936,488	-0,148
-949,406	-0,152
-988,157	-0,156
-988,157	-0,161
-1007,532	-0,169
-1021,741	-0,173
-1026,908	-0,176
-1078,576	-0,180
-1104,411	-0,192
-1130,245	-0,200
-1147,037	-0,204
-1174,163	-0,207
-1178,038	-0,211
-1183,205	-0,214
-1197,414	-0,218
-1243,915	-0,224
-1237,457	-0,229
-1268,458	-0,233
-1281,375	-0,235
-1303,334	-0,240
-1325,293	-0,245
-1334,335	-0,248
-1375,669	-0,252
-1357,585	-0,258
-1387,295	-0,261
-1375,669	-0,263
-1388,586	-0,264
-1451,880	-0,270
-1458,339	-0,277
-1460,922	-0,279
-1482,881	-0,280
-1475,131	-0,281
-1484,173	-0,284
-1515,174	-0,285
-1517,757	-0,286
-1517,757	-0,287
-1520,341	-0,287
-1499,673	-0,288
-1499,673	-0,290
-1550,050	-0,293
-1562,967	-0,295
-1550,050	-0,297
-1562,967	-0,299
-1582,343	-0,302
-1584,926	-0,303
-1573,301	-0,303
-1593,968	-0,304
-1577,176	-0,306
-1614,635	-0,307
-1636,594	-0,310
-1636,594	-0,312
-1614,635	-0,313
-1650,803	-0,315
-1641,761	-0,316
-1668,887	-0,318
-1654,678	-0,320
-1676,637	-0,321
-1693,429	-0,321
-1686,971	-0,322
-1668,887	-0,322
-1706,347	-0,323
-1732,181	-0,324
-1794,183	-0,337
-1822,600	-0,346
-1874,269	-0,354
-1902,686	-0,359
-1931,104	-0,364
-1951,771	-0,369
-1975,022	-0,371
-1989,231	-0,373
-1989,231	-0,375
-2004,731	-0,377
-2033,149	-0,379
-2025,399	-0,380
-2026,690	-0,382
-2056,399	-0,384
-2083,525	-0,386
-2073,192	-0,388
-2119,693	-0,390
-2114,527	-0,393
-2158,445	-0,397
-2166,195	-0,400
-2168,778	-0,401
-2177,820	-0,403
-2188,154	-0,405
-2168,778	-0,406
-2180,404	-0,406
-2172,653	-0,406
-2213,988	-0,406
-2179,112	-0,406
-2181,695	-0,406
-2250,156	-0,408
-2246,281	-0,414
-2312,158	-0,416
-2328,950	-0,422
-2379,327	-0,427
-2352,201	-0,430
-2379,327	-0,431
-2384,494	-0,432
-2415,495	-0,434
-2455,537	-0,441
-2465,871	-0,443
-2491,705	-0,444
-2538,207	-0,447
-2543,374	-0,450
-2544,665	-0,452
-2558,874	-0,453
-2633,793	-0,459
-2627,335	-0,461
-2689,934	-0,464
-2674,203	-0,467
-2737,125	-0,471
-2752,856	-0,473
-2776,452	-0,476
-2788,250	-0,479
-2835,442	-0,483
-2874,768	-0,487
-2918,028	-0,491
-2941,623	-0,493
-2980,950	-0,497
-3012,411	-0,501
-3051,738	-0,505
-3083,199	-0,508
-3114,660	-0,510
-3118,593	-0,512
-3138,256	-0,514
-3134,323	-0,515
-3138,256	-0,515
-3138,256	-0,515
-3138,256	-0,515
-3138,256	-0,515
-3130,391	-0,515
-3138,256	-0,515
-3130,391	-0,515
-3138,256	-0,515
-3134,323	-0,516
-3157,919	-0,515
-3134,323	-0,515
-3150,054	-0,516
-3134,323	-0,515
-3142,188	-0,515
-3130,391	-0,516
-3138,256	-0,516
-3138,256	-0,516
-3126,458	-0,516
-3157,919	-0,516
-3153,987	-0,516
-3161,852	-0,516
-3153,987	-0,516
-3138,256	-0,516
-3150,054	-0,516
-3138,256	-0,516
-3134,323	-0,516
-3146,121	-0,516
-3118,593	-0,516
-3122,525	-0,516
-3130,391	-0,515
-3126,458	-0,515
-3118,593	-0,514
-3126,458	-0,514
-3106,795	-0,514
-3028,142	-0,512
-3008,478	-0,510
-3008,478	-0,510
-2980,950	-0,510
-2953,421	-0,508
-2961,287	-0,507
-2945,556	-0,507
-2898,364	-0,507
-2886,566	-0,504
-2866,903	-0,504
-2859,038	-0,504
-2870,835	-0,503
-2855,105	-0,503
-2851,172	-0,502
-2823,644	-0,501
-2792,182	-0,500
-2768,587	-0,499
-2756,789	-0,498
-2725,327	-0,497
-2709,597	-0,496
-2725,327	-0,496
-2725,327	-0,496
-2689,934	-0,495
-2670,271	-0,493
-2654,540	-0,492
-2654,540	-0,492
-2638,809	-0,491
-2611,281	-0,491
-2587,685	-0,490
-2575,886	-0,488
-2552,291	-0,487
-2556,223	-0,486
-2560,156	-0,486
-2528,695	-0,485
-2512,964	-0,485
-2524,762	-0,485
-2489,368	-0,484
-2473,638	-0,483
-2477,571	-0,482
-2457,907	-0,482
-2461,840	-0,481
-2442,177	-0,480
-2410,716	-0,479
-2422,513	-0,479
-2406,783	-0,479
-2387,119	-0,477
-2387,119	-0,477
-2324,197	-0,474
-2324,197	-0,474
-2339,928	-0,473
-2320,264	-0,474
-2324,197	-0,473
-2277,005	-0,471
-2261,274	-0,468
-2245,544	-0,468
-2241,611	-0,467
-2245,544	-0,467
-2202,285	-0,466
-2198,352	-0,465
-2202,285	-0,465
-2182,622	-0,465
-2174,756	-0,463
-2174,756	-0,462
-2155,093	-0,462
-2115,767	-0,460
-2107,901	-0,460
-2100,036	-0,458
-2096,103	-0,458
-2080,373	-0,457
-2103,969	-0,457
-2080,373	-0,456
-2060,709	-0,456
-2072,507	-0,455
-2029,248	-0,454
-2044,979	-0,453
-2013,517	-0,452
-2009,585	-0,452
-1982,056	-0,450
-1978,124	-0,449
-1955,646	-0,447
-1903,978	-0,444
-1919,478	-0,444
-1892,353	-0,442
-1867,810	-0,441
-1843,268	-0,440
-1848,435	-0,440
-1841,976	-0,439
-1812,267	-0,436
-1822,600	-0,436
-1816,142	-0,436
-1796,766	-0,434
-1794,183	-0,433
-1776,099	-0,433
-1765,765	-0,433
-1767,057	-0,431
-1727,014	-0,430
-1711,514	-0,428
-1703,763	-0,427
-1679,221	-0,426
-1666,304	-0,424
-1663,720	-0,423
-1670,179	-0,423
-1657,262	-0,422
-1640,470	-0,421
-1600,427	-0,419
-1600,427	-0,418
-1581,051	-0,416
-1564,259	-0,414
-1543,591	-0,411
-1528,091	-0,410
-1520,341	-0,409
-1503,548	-0,408
-1480,298	-0,406
-1481,589	-0,405
-1453,172	-0,404
-1451,880	-0,402
-1446,713	-0,402
-1429,921	-0,400
-1414,421	-0,399
-1407,962	-0,398
-1379,544	-0,396
-1386,003	-0,394
-1378,253	-0,393
-1347,252	-0,392
-1327,876	-0,390
-1344,668	-0,390
-1342,085	-0,390
-1312,376	-0,389
-1295,583	-0,386
-1251,665	-0,382
-1240,040	-0,378
-1220,664	-0,376
-1215,498	-0,376
-1214,206	-0,374
-1203,872	-0,374
-1197,414	-0,373
-1181,913	-0,372
-1179,330	-0,372
-1170,288	-0,371
-1165,121	-0,370
-1137,995	-0,368
-1153,495	-0,367
-1109,578	-0,365
-1083,743	-0,362
-1054,034	-0,357
-1057,909	-0,354
-1021,741	-0,353
-1023,033	-0,350
-994,615	-0,350
-977,823	-0,347
-959,739	-0,344
-926,155	-0,339
-927,447	-0,338
-896,446	-0,337
-888,695	-0,334
-901,612	-0,333
-896,446	-0,332
-858,986	-0,330
-855,111	-0,327
-839,610	-0,326
-844,777	-0,325
-802,151	-0,323
-803,443	-0,322
-812,484	-0,320
-794,401	-0,316
-776,317	-0,314
-756,941	-0,313
-750,483	-0,312
-751,774	-0,310
-733,690	-0,309
-706,564	-0,306
-700,106	-0,302
-715,606	-0,301
-707,856	-0,300
-667,813	-0,298
-643,271	-0,294
-620,798	-0,288
-593,584	-0,285
-572,286	-0,281
-565,186	-0,278
-534,422	-0,274
-517,857	-0,271
-484,727	-0,265
-447,258	-0,258
-435,032	-0,252
-402,690	-0,249
-411,762	-0,247
-375,082	-0,241
-347,079	-0,236
-347,473	-0,233
-330,908	-0,230
-279,241	-0,226
-160,037	-0,206
-137,834	-0,182
-129,364	-0,177
-125,257	-0,175
-117,685	-0,174
-102,670	-0,170
-87,013	-0,167
-27,987	-0,161
-6,561	-0,145
-4,212	-0,140
-2,658	-0,139
-2,221	-0,139
-1,644	-0,139
-0,578	-0,138
-0,629	-0,138
-1,579	-0,138
-2,093	-0,138
-1,990	-0,138
-0,693	-0,138
-0,873	-0,138
-1,014	-0,138
-0,193	-0,138
-2,080	-0,138
-0,629	-0,138
1,053	-0,138
1,836	-0,138
3,030	-0,138
0,539	-0,138
0,860	-0,138
0,308	-0,138
1,002	-0,138
0,847	-0,138
-0,372	-0,138
0,886	-0,138
-0,385	-0,138
1,836	-0,137
2,542	-0,138
1,849	-0,138
1,323	-0,138
0,642	-0,138
2,260	-0,137
1,656	-0,137
1,669	-0,137
0,077	-0,137
1,849	-0,137
4,327	-0,137
77,516	-0,135
82,649	-0,114
89,580	-0,113
89,451	-0,110
91,890	-0,109
106,135	-0,108
116,530	-0,104
139,503	-0,100
151,053	-0,093
158,497	-0,091
166,967	-0,089
178,774	-0,085
185,833	-0,082
205,468	-0,079
223,179	-0,074
242,814	-0,065
252,440	-0,062
259,370	-0,059
315,921	-0,057
311,582	-0,044
347,079	-0,036
390,464	-0,022
397,957	-0,014
397,957	-0,011
424,383	-0,007
417,678	-0,004
439,765	-0,003
438,976	-0,002
442,920	-0,002
441,342	0,000
464,218	0,005
485,910	0,008
497,743	0,013
509,180	0,022
524,562	0,026
537,972	0,028
558,876	0,033
550,988	0,037
568,342	0,038
558,481	0,040
572,286	0,041
580,963	0,045
612,121	0,049
652,745	0,055
628,292	0,061
647,223	0,065
658,266	0,067
658,661	0,068
661,027	0,071
689,030	0,074
696,130	0,076
705,595	0,080
717,033	0,082
702,046	0,083
716,244	0,084
736,359	0,085
752,924	0,091
751,347	0,096
771,856	0,100
784,083	0,103
795,126	0,104
837,027	0,113
866,736	0,123
870,611	0,126
875,778	0,129
896,446	0,133
902,904	0,137
902,904	0,139
924,863	0,142
936,488	0,145
936,488	0,148
946,822	0,149
950,697	0,151
958,448	0,153
954,572	0,155
961,031	0,157
979,115	0,160
1001,074	0,166
1025,616	0,168
1038,533	0,170
1039,825	0,173
1026,908	0,173
1059,201	0,175
1038,533	0,178
1061,784	0,180
1073,410	0,185
1097,952	0,189
1114,744	0,192
1105,702	0,195
1126,370	0,198
1130,245	0,199
1139,287	0,201
1132,828	0,204
1135,411	0,206
1171,579	0,208
1176,746	0,212
1178,038	0,213
1205,164	0,216
1205,164	0,219
1227,123	0,221
1215,498	0,224
1247,790	0,227
1267,166	0,231
1305,917	0,237
1331,751	0,242
1349,835	0,250
1364,044	0,252
1374,378	0,256
1383,420	0,260
1382,128	0,261
1404,087	0,264
1429,921	0,268
1448,005	0,270
1485,465	0,275
1493,215	0,282
1537,133	0,290
1544,883	0,294
1550,050	0,297
1561,675	0,298
1593,968	0,301
1622,386	0,306
1639,178	0,310
1677,929	0,315
1714,097	0,323
1714,097	0,327
1720,555	0,330
1774,807	0,332
1817,434	0,340
1808,392	0,344
1820,017	0,345
1847,143	0,348
1852,310	0,349
1853,601	0,352
1875,560	0,354
1882,019	0,357
1900,103	0,360
1913,020	0,361
1925,937	0,362
1938,854	0,365
1973,730	0,367
1969,855	0,369
1973,730	0,370
2009,898	0,372
2004,731	0,374
2018,940	0,376
2031,857	0,379
2034,440	0,381
2058,983	0,383
2100,318	0,388
2137,777	0,391
2142,944	0,395
2153,278	0,397
2167,487	0,399
2188,154	0,400
2204,946	0,401
2195,904	0,405
2192,029	0,406
2221,738	0,406
2252,739	0,408
2254,031	0,411
2255,323	0,412
2277,282	0,413
2266,948	0,415
2283,740	0,416
2287,615	0,416
2294,074	0,417
2316,033	0,420
2321,200	0,421
2330,242	0,422
2349,617	0,424
2366,410	0,425
2365,118	0,426
2356,076	0,427
2397,410	0,429
2387,077	0,431
2429,703	0,433
2432,287	0,435
2482,663	0,438
2483,955	0,440
2525,290	0,443
2531,748	0,446
2562,749	0,449
2547,249	0,450
2614,417	0,454
2632,501	0,458
2638,809	0,460
2670,271	0,463
2709,597	0,466
2701,731	0,468
2752,856	0,469
2748,923	0,472
2752,856	0,473
2788,250	0,475
2796,115	0,476
2815,779	0,478
2843,307	0,482
2847,240	0,483
2859,038	0,483
2851,172	0,484
2878,701	0,485
2878,701	0,486
2914,094	0,488
2910,162	0,490
2941,623	0,491
2953,421	0,493
2980,950	0,495
2992,748	0,496
3012,411	0,499
3067,468	0,502
3087,132	0,505
3122,525	0,510
3142,188	0,511
3130,391	0,512
3126,458	0,511
3134,323	0,511
3126,458	0,511
3130,391	0,511
3142,188	0,511
3114,660	0,512
3142,188	0,511
3142,188	0,512
3138,256	0,512
3138,256	0,512
3142,188	0,512
3122,525	0,512
3130,391	0,511
3138,256	0,512
3126,458	0,512
3118,593	0,512
3134,323	0,512
3138,256	0,512
3153,987	0,512
3126,458	0,512
3130,391	0,512
3138,256	0,512
3130,391	0,512
3138,256	0,512
3122,525	0,512
3126,458	0,512
3138,256	0,512
3122,525	0,512
3138,256	0,512
3157,919	0,512
3150,054	0,512
3134,323	0,512
3134,323	0,512
3130,391	0,512
3102,862	0,511
3098,929	0,511
3122,525	0,511
3051,738	0,510
3063,536	0,509
3020,277	0,508
3000,613	0,507
3020,277	0,507
2996,680	0,506
2988,815	0,506
2977,017	0,505
2984,883	0,505
2980,950	0,505
2949,489	0,504
2957,354	0,504
2929,825	0,503
2910,162	0,502
2918,028	0,502
2902,297	0,501
2878,701	0,501
2874,768	0,500
2819,711	0,499
2827,576	0,497
2796,115	0,497
2792,182	0,496
2780,385	0,496
2768,587	0,495
2756,789	0,494
2748,923	0,494
2744,990	0,494
2713,530	0,493
2717,462	0,492
2689,934	0,491
2650,607	0,490
2630,944	0,488
2627,011	0,487
2591,617	0,487
2564,089	0,485
2544,426	0,484
2544,426	0,483
2540,493	0,483
2524,762	0,482
2505,099	0,481
2481,503	0,479
2461,840	0,478
2446,109	0,478
2410,716	0,477
2414,648	0,476
2398,917	0,475
2367,456	0,473
2367,456	0,473
2359,591	0,472
2335,995	0,471
2324,197	0,470
2304,534	0,469
2292,736	0,469
2288,803	0,467
2284,871	0,467
2245,544	0,466
2241,611	0,465
2206,218	0,462
2190,487	0,461
2170,823	0,461
2162,958	0,461
2131,497	0,459
2111,834	0,457
2100,036	0,456
2096,103	0,454
2100,036	0,454
2084,305	0,453
2052,844	0,452
2041,046	0,451
2060,709	0,451
2041,046	0,451
2029,248	0,450
2029,248	0,450
2009,585	0,449
2005,652	0,447
1978,124	0,446
1978,897	0,445
1951,771	0,445
1941,438	0,444
1962,105	0,443
1906,561	0,441
1897,519	0,440
1883,311	0,439
1883,311	0,439
1861,352	0,438
1847,143	0,437
1838,101	0,436
1825,184	0,435
1829,059	0,434
1822,600	0,434
1834,226	0,433
1821,309	0,433
1808,392	0,432
1754,140	0,430
1737,348	0,427
1733,473	0,426
1697,305	0,425
1705,055	0,424
1670,179	0,423
1667,595	0,421
1668,887	0,419
1634,011	0,417
1596,552	0,416
1574,592	0,413
1564,259	0,412
1552,633	0,411
1546,175	0,409
1515,174	0,407
1504,840	0,406
1503,548	0,405
1469,964	0,403
1454,464	0,401
1454,464	0,400
1440,255	0,398
1428,629	0,396
1397,628	0,396
1388,586	0,394
1397,628	0,393
1392,462	0,392
1356,294	0,391
1387,295	0,390
1326,584	0,390
1348,543	0,388
1353,710	0,388
1342,085	0,387
1311,084	0,386
1305,917	0,384
1296,875	0,384
1294,292	0,382
1278,791	0,380
1261,999	0,379
1230,998	0,377
1216,789	0,375
1212,914	0,374
1190,955	0,372
1170,288	0,370
1172,871	0,368
1137,995	0,366
1145,745	0,366
1134,120	0,364
1096,660	0,362
1100,536	0,361
1096,660	0,359
1079,868	0,357
1063,076	0,355
1024,325	0,351
1017,866	0,349
1016,574	0,349
997,199	0,346
968,781	0,344
949,406	0,342
940,364	0,339
936,488	0,337
926,155	0,336
923,571	0,334
899,029	0,332
895,154	0,331
904,196	0,330
866,736	0,328
847,361	0,325
796,984	0,320
785,359	0,318
771,150	0,315
767,275	0,313
737,565	0,310
734,982	0,306
701,398	0,304
710,440	0,301
687,189	0,299
653,604	0,295
656,188	0,294
595,161	0,291
586,484	0,280
567,947	0,276
539,944	0,273
516,280	0,269
511,152	0,265
488,277	0,262
469,740	0,260
450,808	0,254
434,637	0,253
444,497	0,251
432,665	0,250
399,141	0,248
388,097	0,243
360,094	0,240
370,349	0,237
366,405	0,236
334,458	0,233
319,076	0,229
334,458	0,227
309,610	0,226
266,620	0,218
225,996	0,209
229,151	0,205
229,545	0,203
179,416	0,200
166,839	0,186
158,882	0,184
142,968	0,183
116,145	0,175
88,168	0,169
23,407	0,155
6,112	0,142
4,147	0,139
3,531	0,137
1,913	0,137
2,851	0,136
1,977	0,136
0,655	0,136
1,271	0,136
1,066	0,136
0,488	0,136
1,181	0,136
0,770	0,136
0,899	0,136
1,387	0,136
0,976	0,136
-0,475	0,136
0,758	0,136
-1,053	0,136
-0,565	0,135
-0,257	0,135
0,180	0,136
0,000	0,135
-0,488	0,135
-1,759	0,136
-1,862	0,135
-1,079	0,135
-1,528	0,135
-1,798	0,135
-2,401	0,135
-1,258	0,135
-0,719	0,135
-1,631	0,135
-0,552	0,136
-2,260	0,135
-1,939	0,136
-1,721	0,135
-1,785	0,135
-1,785	0,135
-1,297	0,135
-2,286	0,135
-0,950	0,135
-2,658	0,135
-1,605	0,135
-4,276	0,135
-6,292	0,135
-78,414	0,128
-81,494	0,112
-86,499	0,111
-87,783	0,110
-88,810	0,110
-89,580	0,109
-97,921	0,108
-118,840	0,106
-140,145	0,097
-145,920	0,093
-149,641	0,091
-159,138	0,090
-165,299	0,087
-173,127	0,085
-183,394	0,082
-202,902	0,078
-212,270	0,073
-219,200	0,070
-227,799	0,068
-232,933	0,065
-244,868	0,063
-258,728	0,058
-296,200	0,053
-311,582	0,040
-334,852	0,037
-338,402	0,033
-346,684	0,030
-380,209	0,024
-399,141	0,019
-410,578	0,012
-410,578	0,007
-440,553	0,005
-441,342	0,002
-473,684	-0,003
-453,569	-0,007
-481,966	-0,010
-496,954	-0,015
-513,913	-0,019
-540,733	-0,022
-564,792	-0,032
-539,550	-0,037
-593,584	-0,041
-634,996	-0,055
-663,788	-0,064
-681,537	-0,071
-710,328	-0,080
-733,204	-0,086
-743,853	-0,091
-753,319	-0,097
-780,927	-0,103
-818,943	-0,106
-808,609	-0,117
-846,069	-0,122
-844,777	-0,128
-878,362	-0,131
-888,695	-0,137
-914,529	-0,140
-915,821	-0,144
-936,488	-0,148
-953,281	-0,152
-953,281	-0,156
-967,490	-0,159
-1013,991	-0,164
-1001,074	-0,168
-1050,159	-0,173
-1047,575	-0,175
-1029,491	-0,176
-1046,284	-0,177
-1048,867	-0,179
-1063,076	-0,184
-1081,160	-0,190
-1104,411	-0,192
-1112,161	-0,194
-1136,703	-0,198
-1145,745	-0,199
-1184,497	-0,205
-1185,788	-0,216
-1205,164	-0,218
-1211,622	-0,219
-1232,290	-0,221
-1259,416	-0,229
-1274,916	-0,233
-1277,500	-0,235
-1296,875	-0,237
-1305,917	-0,243
-1325,293	-0,245
-1362,752	-0,251
-1364,044	-0,258
-1419,587	-0,263
-1419,587	-0,267
-1433,796	-0,269
-1449,297	-0,274
-1464,797	-0,278
-1476,422	-0,281
-1502,257	-0,285
-1522,924	-0,287
-1537,133	-0,290
-1546,175	-0,293
-1556,508	-0,297
-1569,426	-0,298
-1557,800	-0,300
-1587,510	-0,303
-1584,926	-0,305
-1590,093	-0,306
-1636,594	-0,307
-1636,594	-0,313
-1634,011	-0,315
-1641,761	-0,315
-1649,511	-0,317
-1636,594	-0,318
-1657,262	-0,320
-1686,971	-0,322
-1689,554	-0,324
-1725,722	-0,328
-1725,722	-0,332
-1743,806	-0,334
-1768,349	-0,336
-1760,598	-0,337
-1763,182	-0,339
-1814,850	-0,343
-1825,184	-0,347
-1814,850	-0,349
-1831,642	-0,350
-1841,976	-0,350
-1851,018	-0,354
-1869,102	-0,357
-1914,312	-0,361
-1945,313	-0,366
-1951,771	-0,370
-1962,105	-0,372
-1976,314	-0,374
-2013,773	-0,378
-2034,440	-0,381
-2064,150	-0,384
-2071,900	-0,389
-2091,276	-0,392
-2092,568	-0,393
-2132,611	-0,396
-2117,110	-0,397
-2142,944	-0,398
-2199,779	-0,403
-2213,988	-0,407
-2221,738	-0,408
-2241,114	-0,414
-2260,490	-0,417
-2268,240	-0,417
-2305,699	-0,420
-2336,700	-0,424
-2353,492	-0,426
-2367,701	-0,428
-2367,701	-0,431
-2387,077	-0,433
-2406,453	-0,434
-2406,453	-0,435
-2464,580	-0,439
-2468,455	-0,442
-2508,498	-0,444
-2526,581	-0,448
-2542,082	-0,450
-2544,665	-0,452
-2576,958	-0,454
-2593,750	-0,458
-2606,667	-0,461
-2637,668	-0,462
-2658,472	-0,464
-2686,001	-0,466
-2697,799	-0,469
-2713,530	-0,472
-2776,452	-0,476
-2752,856	-0,477
-2780,385	-0,478
-2807,913	-0,480
-2839,375	-0,483
-2859,038	-0,486
-2882,634	-0,488
-2898,364	-0,491
-2906,229	-0,493
-2941,623	-0,494
-2965,219	-0,497
-2992,748	-0,499
-3012,411	-0,501
-3008,478	-0,503
-3051,738	-0,505
-3059,603	-0,507
-3083,199	-0,509
-3134,323	-0,513
-3130,391	-0,514
-3126,458	-0,515
-3126,458	-0,516
-3138,256	-0,515
-3134,323	-0,516
-3122,525	-0,516
-3134,323	-0,516
-3134,323	-0,516
-3126,458	-0,516
-3114,660	-0,516
-3130,391	-0,516
-3114,660	-0,516
-3138,256	-0,516
-3122,525	-0,516
-3138,256	-0,516
-3138,256	-0,516
-3138,256	-0,516
-3122,525	-0,516
-3150,054	-0,516
-3126,458	-0,516
-3138,256	-0,516
-3134,323	-0,516
-3142,188	-0,516
-3130,391	-0,516
-3153,987	-0,516
-3142,188	-0,516
-3142,188	-0,516
-3126,458	-0,516
-3138,256	-0,516
-3142,188	-0,516
-3138,256	-0,516
-3134,323	-0,516
-3134,323	-0,516
-3146,121	-0,516
-3142,188	-0,516
-3146,121	-0,516
-3134,323	-0,516
-3126,458	-0,516
-3110,727	-0,516
-3106,795	-0,515
-3079,266	-0,514
-3067,468	-0,513
-3039,940	-0,512
-3024,209	-0,511
-3016,344	-0,511
-2992,748	-0,510
-3000,613	-0,510
-2965,219	-0,509
-2961,287	-0,508
-2925,893	-0,508
-2961,287	-0,507
-2933,758	-0,507
-2933,758	-0,507
-2906,229	-0,506
-2890,499	-0,505
-2855,105	-0,504
-2851,172	-0,503
-2827,576	-0,502
-2788,250	-0,500
-2752,856	-0,499
-2729,260	-0,497
-2713,530	-0,496
-2709,597	-0,496
-2654,540	-0,494
-2638,809	-0,492
-2642,742	-0,492
-2615,213	-0,491
-2634,876	-0,491
-2583,752	-0,490
-2560,156	-0,488
-2560,156	-0,486
-2528,695	-0,486
-2493,301	-0,484
-2481,503	-0,483
-2465,772	-0,482
-2426,446	-0,481
-2418,581	-0,479
-2398,917	-0,479
-2391,052	-0,477
-2383,187	-0,477
-2367,456	-0,477
-2335,995	-0,475
-2312,399	-0,474
-2300,601	-0,472
-2277,005	-0,471
-2284,871	-0,470
-2269,140	-0,470
-2221,948	-0,468
-2245,544	-0,468
-2225,881	-0,467
-2210,150	-0,466
-2194,419	-0,465
-2202,285	-0,465
-2166,891	-0,464
-2159,026	-0,463
-2155,093	-0,461
-2127,564	-0,460
-2119,699	-0,460
-2107,901	-0,459
-2084,305	-0,458
-2084,305	-0,457
-2072,507	-0,456
-2048,912	-0,456
-2048,912	-0,454
-2048,912	-0,454
-2001,719	-0,453
-1982,056	-0,451
-1978,124	-0,450
-1982,056	-0,449
-1969,855	-0,448
-1955,646	-0,447
-1950,479	-0,447
-1932,396	-0,445
-1893,644	-0,443
-1901,395	-0,442
-1876,852	-0,441
-1867,810	-0,441
-1852,310	-0,439
-1848,435	-0,438
-1812,267	-0,438
-1831,642	-0,436
-1800,641	-0,436
-1785,141	-0,435
-1768,349	-0,432
-1752,848	-0,431
-1721,847	-0,430
-1712,805	-0,428
-1681,804	-0,427
-1677,929	-0,424
-1649,511	-0,423
-1650,803	-0,422
-1628,844	-0,421
-1606,885	-0,419
-1599,135	-0,417
-1570,717	-0,415
-1551,342	-0,414
-1547,467	-0,413
-1513,882	-0,410
-1489,340	-0,409
-1503,548	-0,407
-1490,631	-0,406
-1469,964	-0,406
-1437,671	-0,405
-1424,754	-0,401
-1405,379	-0,400
-1401,503	-0,398
-1391,170	-0,396
-1380,836	-0,395
-1375,669	-0,394
-1360,169	-0,393
-1355,002	-0,391
-1290,417	-0,389
-1252,957	-0,382
-1267,166	-0,381
-1256,832	-0,381
-1240,040	-0,379
-1205,164	-0,377
-1199,997	-0,374
-1168,996	-0,371
-1166,413	-0,370
-1149,620	-0,370
-1110,869	-0,366
-1123,786	-0,365
-1085,035	-0,362
-1063,076	-0,360
-1079,868	-0,358
-1033,367	-0,356
-1015,283	-0,351
-994,615	-0,347
-966,198	-0,345
-951,989	-0,342
-918,405	-0,339
-893,862	-0,336
-820,235	-0,330
-815,068	-0,324
-803,443	-0,322
-756,941	-0,314
-744,024	-0,312
-734,982	-0,307
-707,856	-0,305
-679,439	-0,303
-629,080	-0,296
-614,487	-0,288
-570,708	-0,286
-481,177	-0,273
-427,144	-0,253
-409,790	-0,246
-356,150	-0,238
-333,669	-0,230
-329,330	-0,227
-328,542	-0,225
-278,452	-0,221
-259,126	-0,215
-237,433	-0,209
-232,701	-0,204
-206,275	-0,200
-162,347	-0,192
-130,006	-0,181
-103,183	-0,175
-75,591	-0,166
-10,336	-0,155
-4,250	-0,141
-3,030	-0,140
-1,091	-0,139
-1,810	-0,139
0,642	-0,139
-0,835	-0,138
-1,387	-0,138
-1,708	-0,138
-1,143	-0,138
-2,247	-0,138
-1,233	-0,138
-2,247	-0,138
-1,258	-0,138
-1,258	-0,138
-2,286	-0,138
0,013	-0,138
-0,860	-0,138
-3,582	-0,138
-2,080	-0,138
