0.000	0.046
0.000	0.046
0.000	0.046
0.000	0.046
-0.001	0.046
-0.001	0.046
0.000	0.046
0.000	0.045
-0.001	0.046
0.000	0.046
0.000	0.046
-0.001	0.046
-0.001	0.046
-0.002	0.045
-0.001	0.046
-0.001	0.046
-0.002	0.045
-0.003	0.046
-0.030	0.045
-0.033	0.040
-0.034	0.040
-0.036	0.039
-0.041	0.038
-0.043	0.038
-0.047	0.037
-0.050	0.037
-0.052	0.036
-0.056	0.036
-0.063	0.034
-0.063	0.033
-0.071	0.032
-0.076	0.031
-0.082	0.029
-0.085	0.029
-0.091	0.028
-0.093	0.027
-0.098	0.026
-0.122	0.024
-0.132	0.018
-0.137	0.014
-0.138	0.011
-0.146	0.008
-0.165	0.002
-0.169	-0.003
-0.168	-0.007
-0.180	-0.010
-0.183	-0.016
-0.192	-0.022
-0.203	-0.028
-0.211	-0.033
-0.217	-0.043
-0.229	-0.049
-0.247	-0.057
-0.255	-0.065
-0.262	-0.070
-0.264	-0.075
-0.271	-0.081
-0.276	-0.085
-0.282	-0.089
-0.289	-0.094
-0.293	-0.098
-0.297	-0.101
-0.311	-0.107
-0.324	-0.114
-0.328	-0.121
-0.325	-0.125
-0.341	-0.129
-0.337	-0.131
-0.348	-0.136
-0.349	-0.142
-0.357	-0.144
-0.362	-0.148
-0.367	-0.152
-0.382	-0.156
-0.382	-0.161
-0.390	-0.169
-0.395	-0.173
-0.397	-0.176
-0.417	-0.180
-0.427	-0.192
-0.437	-0.200
-0.444	-0.204
-0.454	-0.207
-0.456	-0.211
-0.458	-0.214
-0.463	-0.218
-0.481	-0.224
-0.479	-0.229
-0.491	-0.233
-0.496	-0.235
-0.504	-0.240
-0.512	-0.245
-0.516	-0.248
-0.532	-0.252
-0.525	-0.258
-0.536	-0.261
-0.532	-0.263
-0.537	-0.264
-0.561	-0.270
-0.564	-0.277
-0.565	-0.279
-0.573	-0.280
-0.570	-0.281
-0.574	-0.284
-0.586	-0.285
-0.587	-0.286
-0.587	-0.287
-0.588	-0.287
-0.580	-0.288
-0.580	-0.290
-0.599	-0.293
-0.604	-0.295
-0.599	-0.297
-0.604	-0.299
-0.612	-0.302
-0.613	-0.303
-0.608	-0.303
-0.616	-0.304
-0.610	-0.306
-0.624	-0.307
-0.633	-0.310
-0.633	-0.312
-0.624	-0.313
-0.638	-0.315
-0.635	-0.316
-0.645	-0.318
-0.640	-0.320
-0.648	-0.321
-0.655	-0.321
-0.652	-0.322
-0.645	-0.322
-0.660	-0.323
-0.670	-0.324
-0.694	-0.337
-0.705	-0.346
-0.725	-0.354
-0.736	-0.359
-0.747	-0.364
-0.755	-0.369
-0.764	-0.371
-0.769	-0.373
-0.769	-0.375
-0.775	-0.377
-0.786	-0.379
-0.783	-0.380
-0.784	-0.382
-0.795	-0.384
-0.806	-0.386
-0.802	-0.388
-0.820	-0.390
-0.818	-0.393
-0.835	-0.397
-0.838	-0.400
-0.839	-0.401
-0.842	-0.403
-0.846	-0.405
-0.839	-0.406
-0.843	-0.406
-0.840	-0.406
-0.856	-0.406
-0.843	-0.406
-0.844	-0.406
-0.870	-0.408
-0.869	-0.414
-0.894	-0.416
-0.901	-0.422
-0.920	-0.427
-0.910	-0.430
-0.920	-0.431
-0.922	-0.432
-0.934	-0.434
-0.950	-0.441
-0.954	-0.443
-0.964	-0.444
-0.982	-0.447
-0.984	-0.450
-0.984	-0.452
-0.990	-0.453
-1.018	-0.459
-1.016	-0.461
-1.040	-0.464
-1.034	-0.467
-1.058	-0.471
-1.065	-0.473
-1.074	-0.476
-1.078	-0.479
-1.096	-0.483
-1.112	-0.487
-1.128	-0.491
-1.138	-0.493
-1.153	-0.497
-1.165	-0.501
-1.180	-0.505
-1.192	-0.508
-1.204	-0.510
-1.206	-0.512
-1.214	-0.514
-1.212	-0.515
-1.214	-0.515
-1.214	-0.515
-1.214	-0.515
-1.214	-0.515
-1.211	-0.515
-1.214	-0.515
-1.211	-0.515
-1.214	-0.515
-1.212	-0.516
-1.221	-0.515
-1.212	-0.515
-1.218	-0.516
-1.212	-0.515
-1.215	-0.515
-1.211	-0.516
-1.214	-0.516
-1.214	-0.516
-1.209	-0.516
-1.221	-0.516
-1.220	-0.516
-1.223	-0.516
-1.220	-0.516
-1.214	-0.516
-1.218	-0.516
-1.214	-0.516
-1.212	-0.516
-1.217	-0.516
-1.206	-0.516
-1.207	-0.516
-1.211	-0.515
-1.209	-0.515
-1.206	-0.514
-1.209	-0.514
-1.201	-0.514
-1.171	-0.512
-1.163	-0.510
-1.163	-0.510
-1.153	-0.510
-1.142	-0.508
-1.145	-0.507
-1.139	-0.507
-1.121	-0.507
-1.116	-0.504
-1.109	-0.504
-1.106	-0.504
-1.110	-0.503
-1.104	-0.503
-1.103	-0.502
-1.092	-0.501
-1.080	-0.500
-1.071	-0.499
-1.066	-0.498
-1.054	-0.497
-1.048	-0.496
-1.054	-0.496
-1.054	-0.496
-1.040	-0.495
-1.033	-0.493
-1.027	-0.492
-1.027	-0.492
-1.020	-0.491
-1.010	-0.491
-1.001	-0.490
-0.996	-0.488
-0.987	-0.487
-0.988	-0.486
-0.990	-0.486
-0.978	-0.485
-0.972	-0.485
-0.976	-0.485
-0.963	-0.484
-0.957	-0.483
-0.958	-0.482
-0.950	-0.482
-0.952	-0.481
-0.944	-0.480
-0.932	-0.479
-0.937	-0.479
-0.931	-0.479
-0.923	-0.477
-0.923	-0.477
-0.899	-0.474
-0.899	-0.474
-0.905	-0.473
-0.897	-0.474
-0.899	-0.473
-0.881	-0.471
-0.874	-0.468
-0.868	-0.468
-0.867	-0.467
-0.868	-0.467
-0.852	-0.466
-0.850	-0.465
-0.852	-0.465
-0.844	-0.465
-0.841	-0.463
-0.841	-0.462
-0.833	-0.462
-0.818	-0.460
-0.815	-0.460
-0.812	-0.458
-0.811	-0.458
-0.804	-0.457
-0.814	-0.457
-0.804	-0.456
-0.797	-0.456
-0.801	-0.455
-0.785	-0.454
-0.791	-0.453
-0.779	-0.452
-0.777	-0.452
-0.766	-0.450
-0.765	-0.449
-0.756	-0.447
-0.736	-0.444
-0.742	-0.444
-0.732	-0.442
-0.722	-0.441
-0.713	-0.440
-0.715	-0.440
-0.712	-0.439
-0.701	-0.436
-0.705	-0.436
-0.702	-0.436
-0.695	-0.434
-0.694	-0.433
-0.687	-0.433
-0.683	-0.433
-0.683	-0.431
-0.668	-0.430
-0.662	-0.428
-0.659	-0.427
-0.649	-0.426
-0.644	-0.424
-0.643	-0.423
-0.646	-0.423
-0.641	-0.422
-0.634	-0.421
-0.619	-0.419
-0.619	-0.418
-0.611	-0.416
-0.605	-0.414
-0.597	-0.411
-0.591	-0.410
-0.588	-0.409
-0.581	-0.408
-0.572	-0.406
-0.573	-0.405
-0.562	-0.404
-0.561	-0.402
-0.559	-0.402
-0.553	-0.400
-0.547	-0.399
-0.544	-0.398
-0.533	-0.396
-0.536	-0.394
-0.533	-0.393
-0.521	-0.392
-0.513	-0.390
-0.520	-0.390
-0.519	-0.390
-0.507	-0.389
-0.501	-0.386
-0.484	-0.382
-0.480	-0.378
-0.472	-0.376
-0.470	-0.376
-0.470	-0.374
-0.466	-0.374
-0.463	-0.373
-0.457	-0.372
-0.456	-0.372
-0.453	-0.371
-0.451	-0.370
-0.440	-0.368
-0.446	-0.367
-0.429	-0.365
-0.419	-0.362
-0.408	-0.357
-0.409	-0.354
-0.395	-0.353
-0.396	-0.350
-0.385	-0.350
-0.378	-0.347
-0.371	-0.344
-0.358	-0.339
-0.359	-0.338
-0.347	-0.337
-0.344	-0.334
-0.349	-0.333
-0.347	-0.332
-0.332	-0.330
-0.331	-0.327
-0.325	-0.326
-0.327	-0.325
-0.310	-0.323
-0.311	-0.322
-0.314	-0.320
-0.307	-0.316
-0.300	-0.314
-0.293	-0.313
-0.290	-0.312
-0.291	-0.310
-0.284	-0.309
-0.273	-0.306
-0.271	-0.302
-0.277	-0.301
-0.274	-0.300
-0.258	-0.298
-0.249	-0.294
-0.240	-0.288
-0.230	-0.285
-0.221	-0.281
-0.219	-0.278
-0.207	-0.274
-0.200	-0.271
-0.187	-0.265
-0.173	-0.258
-0.168	-0.252
-0.156	-0.249
-0.159	-0.247
-0.145	-0.241
-0.134	-0.236
-0.134	-0.233
-0.128	-0.230
-0.108	-0.226
-0.062	-0.206
-0.053	-0.182
-0.050	-0.177
-0.048	-0.175
-0.046	-0.174
-0.040	-0.170
-0.034	-0.167
-0.011	-0.161
-0.003	-0.145
-0.002	-0.140
-0.001	-0.139
-0.001	-0.139
-0.001	-0.139
0.000	-0.138
0.000	-0.138
-0.001	-0.138
-0.001	-0.138
-0.001	-0.138
0.000	-0.138
0.000	-0.138
0.000	-0.138
0.000	-0.138
-0.001	-0.138
0.000	-0.138
0.000	-0.138
0.001	-0.138
0.001	-0.138
0.000	-0.138
0.000	-0.138
0.000	-0.138
0.000	-0.138
0.000	-0.138
0.000	-0.138
0.000	-0.138
0.000	-0.138
0.001	-0.137
0.001	-0.138
0.001	-0.138
0.001	-0.138
0.000	-0.138
0.001	-0.137
0.001	-0.137
0.001	-0.137
0.000	-0.137
0.001	-0.137
0.002	-0.137
0.030	-0.135
0.032	-0.114
0.035	-0.113
0.035	-0.110
0.036	-0.109
0.041	-0.108
0.045	-0.104
0.054	-0.100
0.058	-0.093
0.061	-0.091
0.065	-0.089
0.069	-0.085
0.072	-0.082
0.079	-0.079
0.086	-0.074
0.094	-0.065
0.098	-0.062
0.100	-0.059
0.122	-0.057
0.120	-0.044
0.134	-0.036
0.151	-0.022
0.154	-0.014
0.154	-0.011
0.164	-0.007
0.162	-0.004
0.170	-0.003
0.170	-0.002
0.171	-0.002
0.171	0.000
0.180	0.005
0.188	0.008
0.192	0.013
0.197	0.022
0.203	0.026
0.208	0.028
0.216	0.033
0.213	0.037
0.220	0.038
0.216	0.040
0.221	0.041
0.225	0.045
0.237	0.049
0.252	0.055
0.243	0.061
0.250	0.065
0.255	0.067
0.255	0.068
0.256	0.071
0.266	0.074
0.269	0.076
0.273	0.080
0.277	0.082
0.271	0.083
0.277	0.084
0.285	0.085
0.291	0.091
0.291	0.096
0.298	0.100
0.303	0.103
0.307	0.104
0.324	0.113
0.335	0.123
0.337	0.126
0.339	0.129
0.347	0.133
0.349	0.137
0.349	0.139
0.358	0.142
0.362	0.145
0.362	0.148
0.366	0.149
0.368	0.151
0.371	0.153
0.369	0.155
0.372	0.157
0.379	0.160
0.387	0.166
0.397	0.168
0.402	0.170
0.402	0.173
0.397	0.173
0.410	0.175
0.402	0.178
0.411	0.180
0.415	0.185
0.425	0.189
0.431	0.192
0.428	0.195
0.436	0.198
0.437	0.199
0.441	0.201
0.438	0.204
0.439	0.206
0.453	0.208
0.455	0.212
0.456	0.213
0.466	0.216
0.466	0.219
0.475	0.221
0.470	0.224
0.483	0.227
0.490	0.231
0.505	0.237
0.515	0.242
0.522	0.250
0.527	0.252
0.531	0.256
0.535	0.260
0.534	0.261
0.543	0.264
0.553	0.268
0.560	0.270
0.574	0.275
0.577	0.282
0.594	0.290
0.597	0.294
0.599	0.297
0.604	0.298
0.616	0.301
0.627	0.306
0.634	0.310
0.649	0.315
0.663	0.323
0.663	0.327
0.665	0.330
0.686	0.332
0.703	0.340
0.699	0.344
0.704	0.345
0.714	0.348
0.716	0.349
0.717	0.352
0.725	0.354
0.728	0.357
0.735	0.360
0.740	0.361
0.745	0.362
0.750	0.365
0.763	0.367
0.762	0.369
0.763	0.370
0.777	0.372
0.775	0.374
0.781	0.376
0.786	0.379
0.787	0.381
0.796	0.383
0.812	0.388
0.827	0.391
0.829	0.395
0.833	0.397
0.838	0.399
0.846	0.400
0.853	0.401
0.849	0.405
0.848	0.406
0.859	0.406
0.871	0.408
0.872	0.411
0.872	0.412
0.881	0.413
0.877	0.415
0.883	0.416
0.885	0.416
0.887	0.417
0.896	0.420
0.898	0.421
0.901	0.422
0.909	0.424
0.915	0.425
0.915	0.426
0.911	0.427
0.927	0.429
0.923	0.431
0.940	0.433
0.941	0.435
0.960	0.438
0.961	0.440
0.977	0.443
0.979	0.446
0.991	0.449
0.985	0.450
1.011	0.454
1.018	0.458
1.020	0.460
1.033	0.463
1.048	0.466
1.045	0.468
1.065	0.469
1.063	0.472
1.065	0.473
1.078	0.475
1.081	0.476
1.089	0.478
1.099	0.482
1.101	0.483
1.106	0.483
1.103	0.484
1.113	0.485
1.113	0.486
1.127	0.488
1.125	0.490
1.138	0.491
1.142	0.493
1.153	0.495
1.157	0.496
1.165	0.499
1.186	0.502
1.194	0.505
1.207	0.510
1.215	0.511
1.211	0.512
1.209	0.511
1.212	0.511
1.209	0.511
1.211	0.511
1.215	0.511
1.204	0.512
1.215	0.511
1.215	0.512
1.214	0.512
1.214	0.512
1.215	0.512
1.207	0.512
1.211	0.511
1.214	0.512
1.209	0.512
1.206	0.512
1.212	0.512
1.214	0.512
1.220	0.512
1.209	0.512
1.211	0.512
1.214	0.512
1.211	0.512
1.214	0.512
1.207	0.512
1.209	0.512
1.214	0.512
1.207	0.512
1.214	0.512
1.221	0.512
1.218	0.512
1.212	0.512
1.212	0.512
1.211	0.512
1.200	0.511
1.198	0.511
1.207	0.511
1.180	0.510
1.185	0.509
1.168	0.508
1.160	0.507
1.168	0.507
1.159	0.506
1.156	0.506
1.151	0.505
1.154	0.505
1.153	0.505
1.141	0.504
1.144	0.504
1.133	0.503
1.125	0.502
1.128	0.502
1.122	0.501
1.113	0.501
1.112	0.500
1.090	0.499
1.093	0.497
1.081	0.497
1.080	0.496
1.075	0.496
1.071	0.495
1.066	0.494
1.063	0.494
1.061	0.494
1.049	0.493
1.051	0.492
1.040	0.491
1.025	0.490
1.017	0.488
1.016	0.487
1.002	0.487
0.992	0.485
0.984	0.484
0.984	0.483
0.982	0.483
0.976	0.482
0.969	0.481
0.960	0.479
0.952	0.478
0.946	0.478
0.932	0.477
0.934	0.476
0.928	0.475
0.915	0.473
0.915	0.473
0.912	0.472
0.903	0.471
0.899	0.470
0.891	0.469
0.887	0.469
0.885	0.467
0.884	0.467
0.868	0.466
0.867	0.465
0.853	0.462
0.847	0.461
0.839	0.461
0.836	0.461
0.824	0.459
0.817	0.457
0.812	0.456
0.811	0.454
0.812	0.454
0.806	0.453
0.794	0.452
0.789	0.451
0.797	0.451
0.789	0.451
0.785	0.450
0.785	0.450
0.777	0.449
0.776	0.447
0.765	0.446
0.765	0.445
0.755	0.445
0.751	0.444
0.759	0.443
0.737	0.441
0.734	0.440
0.728	0.439
0.728	0.439
0.720	0.438
0.714	0.437
0.711	0.436
0.706	0.435
0.707	0.434
0.705	0.434
0.709	0.433
0.704	0.433
0.699	0.432
0.678	0.430
0.672	0.427
0.670	0.426
0.656	0.425
0.659	0.424
0.646	0.423
0.645	0.421
0.645	0.419
0.632	0.417
0.617	0.416
0.609	0.413
0.605	0.412
0.600	0.411
0.598	0.409
0.586	0.407
0.582	0.406
0.581	0.405
0.568	0.403
0.562	0.401
0.562	0.400
0.557	0.398
0.552	0.396
0.540	0.396
0.537	0.394
0.540	0.393
0.538	0.392
0.524	0.391
0.536	0.390
0.513	0.390
0.521	0.388
0.523	0.388
0.519	0.387
0.507	0.386
0.505	0.384
0.501	0.384
0.500	0.382
0.495	0.380
0.488	0.379
0.476	0.377
0.471	0.375
0.469	0.374
0.461	0.372
0.453	0.370
0.454	0.368
0.440	0.366
0.443	0.366
0.439	0.364
0.424	0.362
0.426	0.361
0.424	0.359
0.418	0.357
0.411	0.355
0.396	0.351
0.394	0.349
0.393	0.349
0.386	0.346
0.375	0.344
0.367	0.342
0.364	0.339
0.362	0.337
0.358	0.336
0.357	0.334
0.348	0.332
0.346	0.331
0.350	0.330
0.335	0.328
0.328	0.325
0.308	0.320
0.304	0.318
0.298	0.315
0.297	0.313
0.285	0.310
0.284	0.306
0.271	0.304
0.275	0.301
0.266	0.299
0.253	0.295
0.254	0.294
0.230	0.291
0.227	0.280
0.220	0.276
0.209	0.273
0.200	0.269
0.198	0.265
0.189	0.262
0.182	0.260
0.174	0.254
0.168	0.253
0.172	0.251
0.167	0.250
0.154	0.248
0.150	0.243
0.139	0.240
0.143	0.237
0.142	0.236
0.129	0.233
0.123	0.229
0.129	0.227
0.120	0.226
0.103	0.218
0.087	0.209
0.089	0.205
0.089	0.203
0.069	0.200
0.065	0.186
0.061	0.184
0.055	0.183
0.045	0.175
0.034	0.169
0.009	0.155
0.002	0.142
0.002	0.139
0.001	0.137
0.001	0.137
0.001	0.136
0.001	0.136
0.000	0.136
0.000	0.136
0.000	0.136
0.000	0.136
0.000	0.136
0.000	0.136
0.000	0.136
0.001	0.136
0.000	0.136
0.000	0.136
0.000	0.136
0.000	0.136
0.000	0.135
0.000	0.135
0.000	0.136
0.000	0.135
0.000	0.135
-0.001	0.136
-0.001	0.135
0.000	0.135
-0.001	0.135
-0.001	0.135
-0.001	0.135
0.000	0.135
0.000	0.135
-0.001	0.135
0.000	0.136
-0.001	0.135
-0.001	0.136
-0.001	0.135
-0.001	0.135
-0.001	0.135
-0.001	0.135
-0.001	0.135
0.000	0.135
-0.001	0.135
-0.001	0.135
-0.002	0.135
-0.002	0.135
-0.030	0.128
-0.032	0.112
-0.033	0.111
-0.034	0.110
-0.034	0.110
-0.035	0.109
-0.038	0.108
-0.046	0.106
-0.054	0.097
-0.056	0.093
-0.058	0.091
-0.062	0.090
-0.064	0.087
-0.067	0.085
-0.071	0.082
-0.078	0.078
-0.082	0.073
-0.085	0.070
-0.088	0.068
-0.090	0.065
-0.095	0.063
-0.100	0.058
-0.115	0.053
-0.120	0.040
-0.129	0.037
-0.131	0.033
-0.134	0.030
-0.147	0.024
-0.154	0.019
-0.159	0.012
-0.159	0.007
-0.170	0.005
-0.171	0.002
-0.183	-0.003
-0.175	-0.007
-0.186	-0.010
-0.192	-0.015
-0.199	-0.019
-0.209	-0.022
-0.218	-0.032
-0.209	-0.037
-0.230	-0.041
-0.246	-0.055
-0.257	-0.064
-0.264	-0.071
-0.275	-0.080
-0.284	-0.086
-0.288	-0.091
-0.291	-0.097
-0.302	-0.103
-0.317	-0.106
-0.313	-0.117
-0.327	-0.122
-0.327	-0.128
-0.340	-0.131
-0.344	-0.137
-0.354	-0.140
-0.354	-0.144
-0.362	-0.148
-0.369	-0.152
-0.369	-0.156
-0.374	-0.159
-0.392	-0.164
-0.387	-0.168
-0.406	-0.173
-0.405	-0.175
-0.398	-0.176
-0.405	-0.177
-0.406	-0.179
-0.411	-0.184
-0.418	-0.190
-0.427	-0.192
-0.430	-0.194
-0.440	-0.198
-0.443	-0.199
-0.458	-0.205
-0.459	-0.216
-0.466	-0.218
-0.469	-0.219
-0.477	-0.221
-0.487	-0.229
-0.493	-0.233
-0.494	-0.235
-0.501	-0.237
-0.505	-0.243
-0.512	-0.245
-0.527	-0.251
-0.527	-0.258
-0.549	-0.263
-0.549	-0.267
-0.554	-0.269
-0.560	-0.274
-0.566	-0.278
-0.571	-0.281
-0.581	-0.285
-0.589	-0.287
-0.594	-0.290
-0.598	-0.293
-0.602	-0.297
-0.607	-0.298
-0.602	-0.300
-0.614	-0.303
-0.613	-0.305
-0.615	-0.306
-0.633	-0.307
-0.633	-0.313
-0.632	-0.315
-0.635	-0.315
-0.638	-0.317
-0.633	-0.318
-0.641	-0.320
-0.652	-0.322
-0.653	-0.324
-0.667	-0.328
-0.667	-0.332
-0.674	-0.334
-0.684	-0.336
-0.681	-0.337
-0.682	-0.339
-0.702	-0.343
-0.706	-0.347
-0.702	-0.349
-0.708	-0.350
-0.712	-0.350
-0.716	-0.354
-0.723	-0.357
-0.740	-0.361
-0.752	-0.366
-0.755	-0.370
-0.759	-0.372
-0.764	-0.374
-0.779	-0.378
-0.787	-0.381
-0.798	-0.384
-0.801	-0.389
-0.809	-0.392
-0.809	-0.393
-0.825	-0.396
-0.819	-0.397
-0.829	-0.398
-0.851	-0.403
-0.856	-0.407
-0.859	-0.408
-0.867	-0.414
-0.874	-0.417
-0.877	-0.417
-0.892	-0.420
-0.904	-0.424
-0.910	-0.426
-0.916	-0.428
-0.916	-0.431
-0.923	-0.433
-0.931	-0.434
-0.931	-0.435
-0.953	-0.439
-0.955	-0.442
-0.970	-0.444
-0.977	-0.448
-0.983	-0.450
-0.984	-0.452
-0.997	-0.454
-1.003	-0.458
-1.008	-0.461
-1.020	-0.462
-1.028	-0.464
-1.039	-0.466
-1.043	-0.469
-1.049	-0.472
-1.074	-0.476
-1.065	-0.477
-1.075	-0.478
-1.086	-0.480
-1.098	-0.483
-1.106	-0.486
-1.115	-0.488
-1.121	-0.491
-1.124	-0.493
-1.138	-0.494
-1.147	-0.497
-1.157	-0.499
-1.165	-0.501
-1.163	-0.503
-1.180	-0.505
-1.183	-0.507
-1.192	-0.509
-1.212	-0.513
-1.211	-0.514
-1.209	-0.515
-1.209	-0.516
-1.214	-0.515
-1.212	-0.516
-1.207	-0.516
-1.212	-0.516
-1.212	-0.516
-1.209	-0.516
-1.204	-0.516
-1.211	-0.516
-1.204	-0.516
-1.214	-0.516
-1.207	-0.516
-1.214	-0.516
-1.214	-0.516
-1.214	-0.516
-1.207	-0.516
-1.218	-0.516
-1.209	-0.516
-1.214	-0.516
-1.212	-0.516
-1.215	-0.516
-1.211	-0.516
-1.220	-0.516
-1.215	-0.516
-1.215	-0.516
-1.209	-0.516
-1.214	-0.516
-1.215	-0.516
-1.214	-0.516
-1.212	-0.516
-1.212	-0.516
-1.217	-0.516
-1.215	-0.516
-1.217	-0.516
-1.212	-0.516
-1.209	-0.516
-1.203	-0.516
-1.201	-0.515
-1.191	-0.514
-1.186	-0.513
-1.176	-0.512
-1.169	-0.511
-1.166	-0.511
-1.157	-0.510
-1.160	-0.510
-1.147	-0.509
-1.145	-0.508
-1.131	-0.508
-1.145	-0.507
-1.134	-0.507
-1.134	-0.507
-1.124	-0.506
-1.118	-0.505
-1.104	-0.504
-1.103	-0.503
-1.093	-0.502
-1.078	-0.500
-1.065	-0.499
-1.055	-0.497
-1.049	-0.496
-1.048	-0.496
-1.027	-0.494
-1.020	-0.492
-1.022	-0.492
-1.011	-0.491
-1.019	-0.491
-0.999	-0.490
-0.990	-0.488
-0.990	-0.486
-0.978	-0.486
-0.964	-0.484
-0.960	-0.483
-0.954	-0.482
-0.938	-0.481
-0.935	-0.479
-0.928	-0.479
-0.925	-0.477
-0.922	-0.477
-0.915	-0.477
-0.903	-0.475
-0.894	-0.474
-0.890	-0.472
-0.881	-0.471
-0.884	-0.470
-0.877	-0.470
-0.859	-0.468
-0.868	-0.468
-0.861	-0.467
-0.855	-0.466
-0.849	-0.465
-0.852	-0.465
-0.838	-0.464
-0.835	-0.463
-0.833	-0.461
-0.823	-0.460
-0.820	-0.460
-0.815	-0.459
-0.806	-0.458
-0.806	-0.457
-0.801	-0.456
-0.792	-0.456
-0.792	-0.454
-0.792	-0.454
-0.774	-0.453
-0.766	-0.451
-0.765	-0.450
-0.766	-0.449
-0.762	-0.448
-0.756	-0.447
-0.754	-0.447
-0.747	-0.445
-0.732	-0.443
-0.735	-0.442
-0.726	-0.441
-0.722	-0.441
-0.716	-0.439
-0.715	-0.438
-0.701	-0.438
-0.708	-0.436
-0.696	-0.436
-0.690	-0.435
-0.684	-0.432
-0.678	-0.431
-0.666	-0.430
-0.662	-0.428
-0.650	-0.427
-0.649	-0.424
-0.638	-0.423
-0.638	-0.422
-0.630	-0.421
-0.621	-0.419
-0.618	-0.417
-0.607	-0.415
-0.600	-0.414
-0.598	-0.413
-0.585	-0.410
-0.576	-0.409
-0.581	-0.407
-0.576	-0.406
-0.568	-0.406
-0.556	-0.405
-0.551	-0.401
-0.543	-0.400
-0.542	-0.398
-0.538	-0.396
-0.534	-0.395
-0.532	-0.394
-0.526	-0.393
-0.524	-0.391
-0.499	-0.389
-0.485	-0.382
-0.490	-0.381
-0.486	-0.381
-0.480	-0.379
-0.466	-0.377
-0.464	-0.374
-0.452	-0.371
-0.451	-0.370
-0.445	-0.370
-0.430	-0.366
-0.435	-0.365
-0.420	-0.362
-0.411	-0.360
-0.418	-0.358
-0.400	-0.356
-0.393	-0.351
-0.385	-0.347
-0.374	-0.345
-0.368	-0.342
-0.355	-0.339
-0.346	-0.336
-0.317	-0.330
-0.315	-0.324
-0.311	-0.322
-0.293	-0.314
-0.288	-0.312
-0.284	-0.307
-0.274	-0.305
-0.263	-0.303
-0.243	-0.296
-0.238	-0.288
-0.221	-0.286
-0.186	-0.273
-0.165	-0.253
-0.158	-0.246
-0.138	-0.238
-0.129	-0.230
-0.127	-0.227
-0.127	-0.225
-0.108	-0.221
-0.100	-0.215
-0.092	-0.209
-0.090	-0.204
-0.080	-0.200
-0.063	-0.192
-0.050	-0.181
-0.040	-0.175
-0.029	-0.166
-0.004	-0.155
-0.002	-0.141
-0.001	-0.140
0.000	-0.139
-0.001	-0.139
0.000	-0.139
0.000	-0.138
-0.001	-0.138
-0.001	-0.138
0.000	-0.138
-0.001	-0.138
0.000	-0.138
-0.001	-0.138
0.000	-0.138
0.000	-0.138
-0.001	-0.138
0.000	-0.138
0.000	-0.138
-0.001	-0.138
-0.001	-0.138
