0,000	0,22
0,023	1,58
0,045	2,97
0,068	4,26
0,091	5,44
0,113	6,52
0,136	7,46
0,159	8,26
0,181	8,83
0,204	9,24
0,227	9,44
0,249	9,40
0,272	9,15
0,295	8,68
0,317	8,06
0,340	7,21
0,363	6,23
0,385	5,12
0,408	3,87
0,431	2,57
0,454	1,19
0,476	-0,21
0,499	-1,63
0,522	-3,03
0,544	-4,35
0,567	-5,60
0,590	-6,70
0,612	-7,73
0,635	-8,55
0,658	-9,18
0,680	-9,57
0,703	-9,72
0,726	-9,77
0,748	-9,63
0,771	-9,32
0,794	-8,76
0,816	-7,98
0,839	-7,03
0,862	-5,93
0,884	-4,74
0,907	-3,42
0,930	-2,07
0,952	-0,65
0,975	0,76
0,998	2,13
1,020	3,49
1,043	4,72
1,066	5,89
1,088	6,90
1,111	7,78
1,134	8,52
1,156	9,01
1,179	9,35
1,202	9,46
1,224	9,33
1,247	9,00
1,270	8,46
1,293	7,75
1,315	6,83
1,338	5,80
1,361	4,64
1,383	3,39
1,406	2,02
1,429	0,63
1,451	-0,76
1,474	-2,19
1,497	-3,53
1,519	-4,86
1,542	-6,04
1,565	-7,12
1,587	-8,07
1,610	-8,83
1,633	-9,37
1,655	-9,65
1,678	-9,76
1,701	-9,72
1,723	-9,53
1,746	-9,13
1,769	-8,47
1,791	-7,63
1,814	-6,61
1,837	-5,48
1,859	-4,24
1,882	-2,89
1,905	-1,53
1,927	-0,10
1,950	1,29
1,973	2,67
1,995	3,98
2,018	5,20
2,041	6,31
2,063	7,25
2,086	8,10
2,109	8,72
2,132	9,18
2,154	9,41
2,177	9,42
2,200	9,24
2,222	8,81
2,245	8,21
2,268	7,40
2,290	6,45
2,313	5,38
2,336	4,15
2,358	2,87
2,381	1,47
2,404	0,09
2,426	-1,33
2,449	-2,73
2,472	-4,06
2,494	-5,35
2,517	-6,47
2,540	-7,52
2,562	-8,39
2,585	-9,06
2,608	-9,52
2,630	-9,70
2,653	-9,77
2,676	-9,67
2,698	-9,41
2,721	-8,90
2,744	-8,16
2,766	-7,25
2,789	-6,18
2,812	-5,01
2,834	-3,71
2,857	-2,36
2,880	-0,96
2,902	0,44
2,925	1,84
2,948	3,20
2,971	4,46
2,993	5,65
3,016	6,68
3,039	7,61
3,061	8,37
3,084	8,93
3,107	9,29
3,129	9,45
3,152	9,39
3,175	9,09
3,197	8,60
3,220	7,93
3,243	7,05
3,265	6,05
3,288	4,90
3,311	3,66
3,333	2,33
3,356	0,93
3,379	-0,46
3,401	-1,89
3,424	-3,24
3,447	-4,58
3,469	-5,79
3,492	-6,90
3,515	-7,88
3,537	-8,67
3,560	-9,28
3,583	-9,60
3,605	-9,74
3,628	-9,74
3,651	-9,58
3,673	-9,25
3,696	-8,62
3,719	-7,84
3,741	-6,85
3,764	-5,73
3,787	-4,52
3,810	-3,19
3,832	-1,83
3,855	-0,40
3,878	0,98
3,900	2,37
3,923	3,70
3,946	4,92
3,968	6,08
3,991	7,05
4,014	7,94
4,036	8,60
4,059	9,08
4,082	9,38
4,104	9,44
4,127	9,29
4,150	8,91
4,172	8,37
4,195	7,59
4,218	6,67
4,240	5,62
4,263	4,42
4,286	3,16
4,308	1,78
4,331	0,38
4,354	-1,02
4,376	-2,42
4,399	-3,79
4,422	-5,09
4,444	-6,24
4,467	-7,32
4,490	-8,20
4,512	-8,95
4,535	-9,44
4,558	-9,66
4,580	-9,77
4,603	-9,70
4,626	-9,50
4,649	-9,03
4,671	-8,35
4,694	-7,48
4,717	-6,42
4,739	-5,28
4,762	-4,00
4,785	-2,66
4,807	-1,26
4,830	0,14
4,853	1,54
4,875	2,91
4,898	4,18
4,921	5,40
4,943	6,46
4,966	7,41
4,989	8,23
5,011	8,80
5,034	9,24
5,057	9,42
5,079	9,41
5,102	9,18
5,125	8,71
5,147	8,09
5,170	7,22
5,193	6,27
5,215	5,16
5,238	3,92
5,261	2,61
5,283	1,22
5,306	-0,15
5,329	-1,60
5,351	-2,97
5,374	-4,31
5,397	-5,56
5,420	-6,67
5,442	-7,71
5,465	-8,52
5,488	-9,16
5,510	-9,55
5,533	-9,72
5,556	-9,77
5,578	-9,64
5,601	-9,35
5,624	-8,79
5,646	-8,03
5,669	-7,07
5,692	-5,98
5,714	-4,79
5,737	-3,47
5,760	-2,13
5,782	-0,71
5,805	0,70
5,828	2,08
5,850	3,41
5,873	4,69
5,896	5,85
5,918	6,85
5,941	7,77
5,964	8,46
5,986	9,01
6,009	9,34
6,032	9,45
6,054	9,34
6,077	9,01
6,100	8,50
6,122	7,77
6,145	6,87
6,168	5,86
6,190	4,68
6,213	3,43
6,236	2,07
6,259	0,69
6,281	-0,73
6,304	-2,14
6,327	-3,51
6,349	-4,82
6,372	-6,01
6,395	-7,11
6,417	-8,02
6,440	-8,80
6,463	-9,36
6,485	-9,64
6,508	-9,77
6,531	-9,71
6,553	-9,55
6,576	-9,16
6,599	-8,50
6,621	-7,67
6,644	-6,64
6,667	-5,54
6,689	-4,28
6,712	-2,95
6,735	-1,57
6,757	-0,15
6,780	1,23
6,803	2,63
6,825	3,92
6,848	5,16
6,871	6,26
6,893	7,21
6,916	8,08
6,939	8,70
6,961	9,16
6,984	9,40
7,007	9,43
7,029	9,25
7,052	8,82
7,075	8,24
7,098	7,42
7,120	6,49
7,143	5,40
7,166	4,20
7,188	2,91
7,211	1,52
7,234	0,14
7,256	-1,29
7,279	-2,69
7,302	-4,03
7,324	-5,29
7,347	-6,46
7,370	-7,49
7,392	-8,35
7,415	-9,06
7,438	-9,48
7,460	-9,72
7,483	-9,76
7,506	-9,66
7,528	-9,44
7,551	-8,92
7,574	-8,20
7,596	-7,28
7,619	-6,22
7,642	-5,06
7,664	-3,76
7,687	-2,42
7,710	-1,01
7,732	0,39
7,755	1,79
7,778	3,15
7,800	4,42
7,823	5,61
7,846	6,65
7,868	7,59
7,891	8,33
7,914	8,90
7,937	9,27
7,959	9,43
7,982	9,40
8,005	9,09
8,027	8,62
8,050	7,95
8,073	7,08
8,095	6,09
8,118	4,93
8,141	3,72
8,163	2,37
8,186	0,99
8,209	-0,42
8,231	-1,84
8,254	-3,21
8,277	-4,55
8,299	-5,75
8,322	-6,87
8,345	-7,85
8,367	-8,65
8,390	-9,27
8,413	-9,59
8,435	-9,76
8,458	-9,74
8,481	-9,61
8,503	-9,25
8,526	-8,66
8,549	-7,87
8,571	-6,87
8,594	-5,79
8,617	-4,55
8,639	-3,24
8,662	-1,87
8,685	-0,44
8,707	0,93
8,730	2,33
8,753	3,65
8,776	4,89
8,798	6,04
8,821	7,04
8,844	7,89
8,866	8,58
8,889	9,10
8,912	9,35
8,934	9,47
8,957	9,29
8,980	8,92
9,002	8,40
9,025	7,61
9,048	6,70
9,070	5,65
9,093	4,47
9,116	3,19
9,138	1,82
9,161	0,44
9,184	-0,98
9,206	-2,38
9,229	-3,75
9,252	-5,04
9,274	-6,20
9,297	-7,28
9,320	-8,20
9,342	-8,93
9,365	-9,41
9,388	-9,69
9,410	-9,75
9,433	-9,70
9,456	-9,51
9,478	-9,03
9,501	-8,37
9,524	-7,49
9,546	-6,45
9,569	-5,32
9,592	-4,04
9,615	-2,72
9,637	-1,30
9,660	0,08
9,683	1,49
9,705	2,88
9,728	4,14
9,751	5,38
9,773	6,43
9,796	7,40
9,819	8,20
9,841	8,80
9,864	9,23
9,887	9,41
9,909	9,42
9,932	9,17
9,955	8,74
9,977	8,09
10,000	7,26
10,023	6,32
10,045	5,18
10,068	3,99
10,091	2,65
10,113	1,28
10,136	-0,11
10,159	-1,56
10,181	-2,92
10,204	-4,28
10,227	-5,50
10,249	-6,64
10,272	-7,66
10,295	-8,51
10,317	-9,14
10,340	-9,55
10,363	-9,75
10,385	-9,73
10,408	-9,67
10,431	-9,34
10,454	-8,80
10,476	-8,07
10,499	-7,07
10,522	-6,02
10,544	-4,83
10,567	-3,52
10,590	-2,16
10,612	-0,74
10,635	0,64
10,658	2,05
10,680	3,37
10,703	4,65
10,726	5,80
10,748	6,83
10,771	7,73
10,794	8,46
10,816	8,99
10,839	9,32
10,862	9,47
10,884	9,34
10,907	9,02
10,930	8,52
10,952	7,78
10,975	6,90
10,998	5,88
11,020	4,72
11,043	3,47
11,066	2,11
11,088	0,74
11,111	-0,70
11,134	-2,08
11,156	-3,46
11,179	-4,77
11,202	-5,97
11,224	-7,08
11,247	-8,00
11,270	-8,79
11,293	-9,34
11,315	-9,64
11,338	-9,76
11,361	-9,72
11,383	-9,57
11,406	-9,16
11,429	-8,54
11,451	-7,69
11,474	-6,68
11,497	-5,57
11,519	-4,31
11,542	-3,01
11,565	-1,59
11,587	-0,20
