0,000	0,00	3,14
0,086	0,00	1,09
0,172	0,00	1,63
0,258	0,00	1,41
0,345	0,01	1,44
0,431	0,01	1,53
0,517	0,01	1,49
0,603	0,01	1,48
0,689	0,02	1,48
0,775	0,02	1,49
0,861	0,04	1,47
0,947	0,08	1,47
1,034	4,81	1,47
1,120	0,09	4,62
1,206	0,04	4,62
1,292	0,03	4,60
1,378	0,02	4,61
1,464	0,02	4,60
1,550	0,02	4,59
1,637	0,01	4,59
1,723	0,01	4,59
1,809	0,01	4,59
1,895	0,01	4,56
1,981	0,01	4,58
2,067	0,02	4,04
2,153	0,01	4,58
2,239	0,01	4,56
2,326	0,01	4,53
2,412	0,01	4,54
2,498	0,01	4,53
2,584	0,01	4,55
2,670	0,01	4,54
2,756	0,01	4,53
2,842	0,01	4,53
2,929	0,01	4,55
3,015	0,01	4,41
3,101	0,01	4,58
3,187	0,00	4,47
3,273	0,00	4,51
3,359	0,00	4,47
3,445	0,00	4,47
3,531	0,00	4,45
3,618	0,00	4,35
3,704	0,00	4,54
3,790	0,00	4,51
3,876	0,00	4,52
3,962	0,00	4,63
4,048	0,00	4,65
4,134	0,02	5,67
4,221	0,00	4,02
4,307	0,00	4,29
4,393	0,00	4,29
4,479	0,00	4,32
4,565	0,00	4,33
4,651	0,00	4,32
4,737	0,00	4,31
4,823	0,00	4,26
4,910	0,00	4,28
4,996	0,00	4,32
5,082	0,00	4,33
5,168	0,01	4,22
5,254	0,00	4,50
5,340	0,00	4,20
5,426	0,00	4,32
5,512	0,00	4,32
5,599	0,00	4,23
5,685	0,00	4,16
5,771	0,00	4,32
5,857	0,00	4,26
5,943	0,00	4,25
6,029	0,00	4,09
6,115	0,00	3,94
6,202	0,01	2,84
6,288	0,00	4,61
6,374	0,00	4,53
6,460	0,00	4,45
6,546	0,00	4,39
6,632	0,00	4,29
6,718	0,00	4,30
6,804	0,00	4,38
6,891	0,00	4,19
6,977	0,00	4,30
7,063	0,00	4,24
7,149	0,00	4,37
7,235	0,00	0,78
7,321	0,00	4,19
7,407	0,00	4,17
7,494	0,00	4,20
7,580	0,00	4,16
7,666	0,00	4,04
7,752	0,00	4,24
7,838	0,00	4,18
7,924	0,00	4,22
8,010	0,00	4,23
8,096	0,00	4,36
8,183	0,00	4,43
8,269	0,01	5,15
8,355	0,00	3,76
8,441	0,00	4,00
8,527	0,00	4,07
8,613	0,00	4,09
8,699	0,00	4,03
8,786	0,00	4,00
8,872	0,00	3,95
8,958	0,00	4,12
9,044	0,00	4,12
9,130	0,00	3,93
9,216	0,00	3,93
9,302	0,01	3,91
9,388	0,00	4,06
9,475	0,00	4,13
9,561	0,00	3,97
9,647	0,00	4,05
9,733	0,00	3,80
9,819	0,00	4,00
9,905	0,00	3,87
9,991	0,00	4,14
10,078	0,00	3,98
10,164	0,00	3,97
10,250	0,00	3,96
10,336	0,00	3,01
10,422	0,00	3,90
10,508	0,00	4,10
10,594	0,00	3,40
10,680	0,00	4,17
10,767	0,00	4,26
10,853	0,00	4,03
10,939	0,00	4,04
11,025	0,00	4,01
11,111	0,00	3,94
11,197	0,00	3,99
11,283	0,00	4,01
11,370	0,00	3,98
11,456	0,00	3,95
11,542	0,00	3,95
11,628	0,00	4,21
11,714	0,00	3,95
11,800	0,00	3,89
11,886	0,00	3,93
11,972	0,00	4,04
12,059	0,00	3,99
12,145	0,00	4,05
12,231	0,00	4,17
12,317	0,00	3,81
12,403	0,00	4,47
12,489	0,00	3,62
12,575	0,00	3,71
12,662	0,00	3,89
12,748	0,00	3,78
12,834	0,00	3,87
12,920	0,00	3,97
13,006	0,00	3,70
13,092	0,00	3,90
13,178	0,00	3,84
13,264	0,00	4,22
13,351	0,00	3,72
13,437	0,00	3,42
13,523	0,00	3,69
13,609	0,00	3,81
13,695	0,00	3,77
13,781	0,00	3,96
13,867	0,00	3,86
13,954	0,00	4,01
14,040	0,00	3,57
14,126	0,00	3,54
14,212	0,00	3,54
14,298	0,00	3,51
14,384	0,00	3,47
14,470	0,00	2,79
14,556	0,00	3,82
14,643	0,00	4,84
14,729	0,00	3,89
14,815	0,00	3,77
14,901	0,00	3,68
14,987	0,00	3,63
15,073	0,00	3,97
15,159	0,00	3,80
15,246	0,00	3,49
15,332	0,00	3,29
15,418	0,00	3,86
15,504	0,00	3,64
15,590	0,00	3,87
15,676	0,00	3,80
15,762	0,00	3,81
15,848	0,00	3,93
15,935	0,00	2,89
16,021	0,00	2,65
16,107	0,00	3,05
16,193	0,00	3,60
16,279	0,00	3,52
16,365	0,00	3,59
16,451	0,00	3,95
16,537	0,00	3,81
16,624	0,00	3,80
16,710	0,00	2,69
16,796	0,00	3,24
16,882	0,00	3,45
16,968	0,00	3,52
17,054	0,00	3,42
17,140	0,00	3,49
17,227	0,00	3,61
17,313	0,00	4,11
17,399	0,00	3,63
17,485	0,00	3,68
17,571	0,00	3,38
17,657	0,00	3,42
17,743	0,00	3,48
17,829	0,00	3,63
17,916	0,00	3,30
18,002	0,00	3,55
18,088	0,00	3,31
18,174	0,00	3,57
18,260	0,00	3,36
18,346	0,00	3,46
18,432	0,00	3,69
18,519	0,00	3,48
18,605	0,00	3,78
18,691	0,00	1,14
18,777	0,00	2,11
18,863	0,00	2,99
18,949	0,00	3,13
19,035	0,00	3,45
19,121	0,00	3,40
19,208	0,00	3,00
19,294	0,00	3,08
19,380	0,00	2,95
19,466	0,00	3,24
19,552	0,00	3,21
19,638	0,00	3,30
19,724	0,00	3,42
19,811	0,00	3,30
19,897	0,00	3,32
19,983	0,00	3,65
20,069	0,00	3,30
20,155	0,00	3,25
20,241	0,00	2,81
20,327	0,00	3,31
20,413	0,00	3,29
20,500	0,00	3,19
20,586	0,00	3,32
20,672	0,00	3,44
20,758	0,00	2,75
20,844	0,00	2,85
20,930	0,00	2,91
21,016	0,00	3,26
21,103	0,00	3,21
21,189	0,00	3,19
21,275	0,00	3,08
21,361	0,00	3,73
21,447	0,00	3,20
21,533	0,00	3,31
21,619	0,00	3,33
21,705	0,00	3,19
21,792	0,00	3,05
21,878	0,00	3,30
21,964	0,00	3,14
