0,000	0,00	6,28
0,086	0,00	0,66
0,172	0,00	1,13
0,258	0,01	1,16
0,345	0,01	1,23
0,431	0,01	1,15
0,517	0,01	1,41
0,603	0,02	1,40
0,689	0,02	1,39
0,775	0,03	1,40
0,861	0,05	1,39
0,947	0,10	1,40
1,034	3,57	1,39
1,120	0,11	4,52
1,206	0,06	4,52
1,292	0,04	4,52
1,378	0,03	4,51
1,464	0,03	4,51
1,550	0,02	4,51
1,637	0,02	4,37
1,723	0,02	4,44
1,809	0,02	4,43
1,895	0,01	4,39
1,981	0,01	4,34
2,067	0,03	3,06
2,153	0,01	4,58
2,239	0,01	4,47
2,326	0,01	4,45
2,412	0,01	4,41
2,498	0,01	4,30
2,584	0,01	4,44
2,670	0,01	4,40
2,756	0,02	4,35
2,842	0,02	4,33
2,929	0,02	4,28
3,015	0,04	4,23
3,101	0,40	4,17
3,187	0,03	0,95
3,273	0,01	0,86
3,359	0,01	0,73
3,445	0,00	0,58
3,531	0,00	0,47
3,618	0,00	0,21
3,704	0,00	5,81
3,790	0,00	5,86
3,876	0,00	5,78
3,962	0,00	5,43
4,048	0,00	5,72
4,134	0,01	5,38
4,221	0,00	6,09
4,307	0,00	6,20
4,393	0,00	6,00
4,479	0,00	5,99
4,565	0,00	5,85
4,651	0,00	0,36
4,737	0,00	0,29
4,823	0,00	0,30
4,910	0,00	0,48
4,996	0,01	0,53
5,082	0,02	0,60
5,168	0,14	0,65
5,254	0,03	3,84
5,340	0,01	3,88
5,426	0,01	3,92
5,512	0,01	3,91
5,599	0,01	3,97
5,685	0,01	3,94
5,771	0,00	3,45
5,857	0,00	3,90
5,943	0,00	3,87
6,029	0,00	3,79
6,115	0,00	3,82
6,202	0,00	2,88
6,288	0,00	4,06
6,374	0,00	3,89
6,460	0,00	3,85
6,546	0,00	3,84
6,632	0,00	3,64
6,718	0,01	4,07
6,804	0,01	3,89
6,891	0,01	3,76
6,977	0,01	3,75
7,063	0,01	3,68
7,149	0,01	3,57
7,235	0,07	3,46
7,321	0,02	0,20
7,407	0,01	0,02
7,494	0,00	6,11
7,580	0,00	5,90
7,666	0,00	5,70
7,752	0,00	5,53
7,838	0,00	5,01
7,924	0,00	5,33
8,010	0,00	5,22
8,096	0,00	4,93
8,183	0,00	5,12
8,269	0,00	4,65
8,355	0,00	5,39
8,441	0,00	5,63
8,527	0,00	5,31
8,613	0,00	5,33
8,699	0,00	5,10
8,786	0,00	5,89
8,872	0,00	5,75
8,958	0,00	5,69
9,044	0,00	5,93
9,130	0,00	5,98
9,216	0,01	6,09
9,302	0,04	6,21
9,388	0,02	3,16
9,475	0,01	3,26
9,561	0,00	3,40
9,647	0,00	3,33
9,733	0,00	3,51
9,819	0,00	3,35
9,905	0,00	2,19
9,991	0,00	3,35
10,078	0,00	3,47
10,164	0,00	3,37
10,250	0,00	3,48
10,336	0,00	3,28
10,422	0,00	3,69
10,508	0,00	3,47
10,594	0,00	3,87
10,680	0,00	3,32
10,767	0,00	3,10
10,853	0,00	3,60
10,939	0,00	3,56
11,025	0,00	3,20
11,111	0,00	3,21
11,197	0,00	3,08
11,283	0,01	2,95
11,370	0,03	2,77
11,456	0,01	5,71
11,542	0,00	5,53
11,628	0,00	5,36
11,714	0,00	5,01
11,800	0,00	4,95
11,886	0,00	4,65
11,972	0,01	4,27
12,059	0,00	4,86
12,145	0,00	4,56
12,231	0,00	4,60
12,317	0,00	4,77
12,403	0,00	4,13
12,489	0,00	4,77
12,575	0,00	5,00
12,662	0,00	4,65
12,748	0,00	4,66
12,834	0,00	4,58
12,920	0,00	5,33
13,006	0,00	5,03
13,092	0,00	4,75
13,178	0,00	5,11
13,264	0,00	5,08
13,351	0,00	5,33
13,437	0,02	5,43
13,523	0,01	2,43
13,609	0,00	2,60
13,695	0,00	2,74
13,781	0,00	2,61
13,867	0,00	2,89
13,954	0,00	2,52
14,040	0,00	0,90
14,126	0,00	3,20
14,212	0,00	3,21
14,298	0,00	3,09
14,384	0,00	3,21
14,470	0,00	3,42
14,556	0,00	3,11
14,643	0,00	2,81
14,729	0,00	3,05
14,815	0,00	3,06
14,901	0,00	2,83
14,987	0,00	3,63
15,073	0,00	2,92
15,159	0,00	2,82
15,246	0,00	2,82
15,332	0,00	2,57
15,418	0,00	2,41
15,504	0,01	2,10
15,590	0,01	4,95
15,676	0,00	4,58
15,762	0,00	4,22
15,848	0,00	4,18
15,935	0,00	4,10
16,021	0,00	3,87
16,107	0,01	3,51
16,193	0,00	4,92
16,279	0,00	4,36
16,365	0,00	4,13
16,451	0,00	4,44
16,537	0,00	3,86
16,624	0,00	4,45
16,710	0,00	4,31
16,796	0,00	4,06
16,882	0,00	4,05
16,968	0,00	4,27
17,054	0,00	5,61
17,140	0,00	4,70
17,227	0,00	4,18
17,313	0,00	4,67
17,399	0,00	4,54
17,485	0,00	4,64
17,571	0,01	4,63
17,657	0,01	1,64
17,743	0,00	1,77
17,829	0,00	2,04
17,916	0,00	1,84
18,002	0,00	2,37
18,088	0,00	0,59
18,174	0,00	6,16
18,260	0,00	2,94
18,346	0,00	2,86
18,432	0,00	2,75
18,519	0,00	2,52
18,605	0,00	2,93
18,691	0,00	2,76
18,777	0,00	1,91
18,863	0,00	2,93
18,949	0,00	5,69
19,035	0,01	2,67
19,121	0,00	2,82
19,208	0,00	2,64
19,294	0,00	2,51
19,380	0,00	2,52
19,466	0,00	2,20
19,552	0,00	1,92
19,638	0,01	1,49
19,724	0,01	4,23
19,811	0,00	3,87
19,897	0,00	3,66
19,983	0,00	3,54
20,069	0,00	3,38
20,155	0,00	3,13
20,241	0,01	2,79
20,327	0,00	5,23
20,413	0,00	4,57
20,500	0,00	3,89
20,586	0,00	3,89
20,672	0,00	3,61
20,758	0,00	3,91
20,844	0,00	3,81
20,930	0,00	3,56
21,016	0,00	3,55
21,103	0,00	3,52
21,189	0,00	4,47
21,275	0,00	3,96
21,361	0,00	3,53
21,447	0,00	3,92
21,533	0,00	3,75
21,619	0,00	3,96
21,705	0,01	3,96
21,792	0,01	0,94
21,878	0,00	1,32
21,964	0,00	1,99
