0,000	8,64
0,023	8,67
0,045	8,63
0,068	8,66
0,091	8,66
0,113	8,65
0,136	8,65
0,159	8,64
0,181	8,66
0,204	8,63
0,227	8,66
0,249	8,64
0,272	8,65
0,295	8,66
0,317	8,64
0,340	8,66
0,363	8,64
0,385	8,66
0,408	8,64
0,431	8,65
0,454	8,64
0,476	-8,84
0,499	-8,87
0,522	-8,89
0,544	-8,86
0,567	-8,89
0,590	-8,87
0,612	-8,87
0,635	-8,88
0,658	-8,85
0,680	-8,88
0,703	-8,86
0,726	-8,87
0,748	-8,85
0,771	-8,87
0,794	-8,88
0,816	-8,86
0,839	-8,86
0,862	-8,87
0,884	-8,88
0,907	-8,86
0,930	-8,88
0,952	8,63
0,975	8,64
0,998	8,65
1,020	8,67
1,043	8,64
1,066	8,67
1,088	8,65
1,111	8,66
1,134	8,65
1,156	8,65
1,179	8,65
1,202	8,63
1,224	8,66
1,247	8,64
1,270	8,65
1,293	8,65
1,315	8,65
1,338	8,65
1,361	8,65
1,383	8,66
1,406	8,64
1,429	-5,81
1,451	-8,87
1,474	-8,88
1,497	-8,86
1,519	-8,88
1,542	-8,86
1,565	-8,89
1,587	-8,86
1,610	-8,88
1,633	-8,86
1,655	-8,86
1,678	-8,89
1,701	-8,86
1,723	-8,88
1,746	-8,86
1,769	-8,88
1,791	-8,86
1,814	-8,86
1,837	-8,87
1,859	-8,85
1,882	-8,89
1,905	-8,85
1,927	8,63
1,950	8,66
1,973	8,66
1,995	8,64
2,018	8,65
2,041	8,64
2,063	8,67
2,086	8,64
2,109	8,65
2,132	8,66
2,154	8,65
2,177	8,66
2,200	8,64
2,222	8,66
2,245	8,64
2,268	8,66
2,290	8,65
2,313	8,65
2,336	8,64
2,358	8,65
2,381	8,64
2,404	-8,73
2,426	-8,85
2,449	-8,90
2,472	-8,86
2,494	-8,88
2,517	-8,88
2,540	-8,85
2,562	-8,87
2,585	-8,87
2,608	-8,88
2,630	-8,87
2,653	-8,87
2,676	-8,87
2,698	-8,87
2,721	-8,88
2,744	-8,86
2,766	-8,87
2,789	-8,86
2,812	-8,86
2,834	-8,87
2,857	-8,86
2,880	10,00
2,902	8,65
2,925	8,65
2,948	8,66
2,971	8,65
2,993	8,65
3,016	8,66
3,039	8,65
3,061	8,67
3,084	8,63
3,107	8,67
3,129	8,65
3,152	8,65
3,175	8,66
3,197	8,64
3,220	8,65
3,243	8,64
3,265	8,66
3,288	8,64
3,311	8,65
3,333	8,65
3,356	8,63
3,379	-8,81
3,401	-8,88
3,424	-8,86
3,447	-8,88
3,469	-8,86
3,492	-8,88
3,515	-8,88
3,537	-8,86
3,560	-8,89
3,583	-8,85
3,605	-8,89
3,628	-8,87
3,651	-8,87
3,673	-8,87
3,696	-8,86
3,719	-8,88
3,741	-8,86
3,764	-8,86
3,787	-8,86
3,810	-8,88
3,832	-8,85
3,855	8,60
3,878	8,65
3,900	8,66
3,923	8,63
3,946	8,68
3,968	8,63
3,991	8,65
4,014	8,66
4,036	8,65
4,059	8,66
4,082	8,65
4,104	8,66
4,127	8,64
4,150	8,66
4,172	8,64
4,195	8,64
4,218	8,65
4,240	8,64
4,263	8,65
4,286	8,65
4,308	8,65
4,331	-6,84
4,354	-8,84
4,376	-8,88
4,399	-8,88
4,422	-8,86
4,444	-8,89
4,467	-8,86
4,490	-8,88
4,512	-8,87
4,535	-8,87
4,558	-8,88
4,580	-8,86
4,603	-8,89
4,626	-8,85
4,649	-8,88
4,671	-8,86
4,694	-8,87
4,717	-8,88
4,739	-8,87
4,762	-8,88
4,785	-8,85
4,807	-8,88
4,830	8,64
4,853	8,65
4,875	8,65
4,898	8,66
4,921	8,64
4,943	8,66
4,966	8,64
4,989	8,67
5,011	8,65
5,034	8,64
5,057	8,66
5,079	8,64
5,102	8,66
5,125	8,64
5,147	8,65
5,170	8,64
5,193	8,65
5,215	8,65
5,238	8,64
5,261	8,65
5,283	8,65
5,306	-8,70
5,329	-8,88
5,351	-8,86
5,374	-8,89
5,397	-8,87
5,420	-8,86
5,442	-8,89
5,465	-8,86
5,488	-8,88
5,510	-8,87
5,533	-8,87
5,556	-8,86
5,578	-8,86
5,601	-8,88
5,624	-8,85
5,646	-8,86
5,669	-8,86
5,692	-8,86
5,714	-8,87
5,737	-8,86
5,760	-8,87
5,782	9,51
5,805	8,64
5,828	8,66
5,850	8,65
5,873	8,66
5,896	8,66
5,918	8,64
5,941	8,66
5,964	8,64
5,986	8,66
6,009	8,64
6,032	8,65
6,054	8,66
6,077	8,64
6,100	8,67
6,122	8,63
6,145	8,66
6,168	8,65
6,190	8,65
6,213	8,65
6,236	8,64
6,259	8,64
6,281	-8,84
6,304	-8,85
6,327	-8,88
6,349	-8,88
6,372	-8,87
6,395	-8,87
6,417	-8,87
6,440	-8,88
6,463	-8,86
6,485	-8,89
6,508	-8,86
6,531	-8,87
6,553	-8,88
6,576	-8,86
6,599	-8,88
6,621	-8,85
6,644	-8,88
6,667	-8,86
6,689	-8,86
6,712	-8,87
6,735	-8,86
6,757	8,63
6,780	8,65
6,803	8,65
6,825	8,66
6,848	8,63
6,871	8,67
6,893	8,64
6,916	8,65
6,939	8,66
6,961	8,64
6,984	8,65
7,007	8,65
7,029	8,66
7,052	8,65
7,075	8,65
7,098	8,66
7,120	8,65
7,143	8,66
7,166	8,64
7,188	8,65
7,211	8,64
7,234	-8,76
7,256	-8,86
7,279	-8,88
7,302	-8,86
7,324	-8,89
7,347	-8,86
7,370	-8,87
7,392	-8,87
7,415	-8,87
7,438	-8,88
7,460	-8,86
7,483	-8,88
7,506	-8,86
7,528	-8,88
7,551	-8,86
7,574	-8,86
7,596	-8,87
7,619	-8,86
7,642	-8,87
7,664	-8,85
7,687	-8,88
7,710	-8,85
7,732	8,64
7,755	8,64
7,778	8,66
7,800	8,64
7,823	8,66
7,846	8,64
7,868	8,66
7,891	8,65
7,914	8,66
7,937	8,66
7,959	8,63
7,982	8,66
8,005	8,64
8,027	8,65
8,050	8,65
8,073	8,64
8,095	8,65
8,118	8,64
8,141	8,66
8,163	8,63
8,186	8,64
8,209	-8,71
8,231	-8,86
8,254	-8,88
8,277	-8,87
8,299	-8,87
8,322	-8,88
8,345	-8,85
8,367	-8,88
8,390	-8,86
8,413	-8,88
8,435	-8,88
8,458	-8,86
8,481	-8,87
8,503	-8,86
8,526	-8,88
8,549	-8,86
8,571	-8,87
8,594	-8,87
8,617	-8,86
8,639	-8,87
8,662	-8,86
8,685	9,01
8,707	8,64
8,730	8,64
8,753	8,65
8,776	8,66
8,798	8,63
8,821	8,65
8,844	8,65
8,866	8,66
8,889	8,65
8,912	8,65
8,934	8,65
8,957	8,64
8,980	8,65
9,002	8,63
9,025	8,66
9,048	8,64
9,070	8,65
9,093	8,65
9,116	8,64
9,138	8,65
9,161	8,62
9,184	-8,82
9,206	-8,89
9,229	-8,86
9,252	-8,87
9,274	-8,89
9,297	-8,87
9,320	-8,88
9,342	-8,86
9,365	-8,89
9,388	-8,86
9,410	-8,87
9,433	-8,87
9,456	-8,85
9,478	-8,88
9,501	-8,86
9,524	-8,88
9,546	-8,85
9,569	-8,88
9,592	-8,87
9,615	-8,86
9,637	-8,89
9,660	8,63
9,683	8,64
9,705	8,64
9,728	8,65
9,751	8,66
9,773	8,64
9,796	8,66
9,819	8,66
9,841	8,64
9,864	8,67
9,887	8,63
9,909	8,65
9,932	8,65
9,955	8,65
9,977	8,65
10,000	8,63
10,023	8,65
10,045	8,64
10,068	8,65
10,091	8,65
10,113	8,65
10,136	-9,37
10,159	-8,86
10,181	-8,86
10,204	-8,89
10,227	-8,88
10,249	-8,87
10,272	-8,88
10,295	-8,88
10,317	-8,86
10,340	-8,86
10,363	-8,88
10,385	-8,86
10,408	-8,88
10,431	-8,85
10,454	-8,86
10,476	-8,88
10,499	-8,86
10,522	-8,88
10,544	-8,85
10,567	-8,88
10,590	-8,86
10,612	-8,87
10,635	8,64
10,658	8,66
10,680	8,63
10,703	8,67
10,726	8,64
10,748	8,66
10,771	8,65
10,794	8,64
10,816	8,65
10,839	8,64
10,862	8,67
10,884	8,64
10,907	8,66
10,930	8,65
10,952	8,65
10,975	8,65
10,998	8,64
11,020	8,66
11,043	8,63
11,066	8,66
11,088	8,64
11,111	-8,74
11,134	-8,86
11,156	-8,88
11,179	-8,89
11,202	-8,87
11,224	-8,86
11,247	-8,89
11,270	-8,85
11,293	-8,88
11,315	-8,86
11,338	-8,86
11,361	-8,89
11,383	-8,85
11,406	-8,87
11,429	-8,88
11,451	-8,88
11,474	-8,87
11,497	-8,86
11,519	-8,88
11,542	-8,86
11,565	-8,87
11,587	9,18
