Tiempo	Señal
t/ms	U/V

0.000	6.469
0.023	9.420
0.045	10.448
0.068	9.857
0.091	8.507
0.113	7.374
0.136	7.098
0.159	7.728
0.181	8.772
0.204	9.534
0.227	9.529
0.249	8.762
0.272	7.728
0.295	7.121
0.317	7.419
0.340	8.560
0.363	9.893
0.385	10.445
0.408	9.371
0.431	6.385
0.454	1.935
0.476	-2.952
0.499	-7.096
0.522	-9.651
0.544	-10.423
0.567	-9.885
0.590	-8.880
0.612	-8.197
0.635	-8.210
0.658	-8.775
0.680	-9.406
0.703	-9.615
0.726	-9.234
0.748	-8.516
0.771	-7.986
0.794	-8.096
0.816	-8.907
0.839	-9.955
0.862	-10.414
0.884	-9.467
0.907	-6.731
0.930	-2.494
0.952	2.349
0.975	6.648
0.998	9.471
1.020	10.479
1.043	10.021
1.066	8.908
1.088	8.006
1.111	7.832
1.134	8.364
1.156	9.149
1.179	9.625
1.202	9.476
1.224	8.826
1.247	8.158
1.270	8.006
1.293	8.592
1.315	9.611
1.338	10.303
1.361	9.790
1.383	7.516
1.406	3.575
1.429	-1.259
1.451	-5.820
1.474	-9.036
1.497	-10.373
1.519	-10.035
1.542	-8.810
1.565	-7.671
1.587	-7.305
1.610	-7.829
1.633	-8.811
1.655	-9.573
1.678	-9.611
1.701	-8.892
1.723	-7.874
1.746	-7.244
1.769	-7.493
1.791	-8.588
1.814	-9.901
1.837	-10.460
1.859	-9.407
1.882	-6.434
1.905	-1.974
1.927	2.943
1.950	7.121
1.973	9.695
1.995	10.463
2.018	9.906
2.041	8.884
2.063	8.203
2.086	8.241
2.109	8.841
2.132	9.496
2.154	9.706
2.177	9.300
2.200	8.549
2.222	7.996
2.245	8.109
2.268	8.945
2.290	10.021
2.313	10.489
2.336	9.521
2.358	6.742
2.381	2.464
2.404	-2.395
2.426	-6.675
2.449	-9.461
2.472	-10.443
2.494	-9.998
2.517	-8.945
2.540	-8.127
2.562	-8.018
2.585	-8.561
2.608	-9.295
2.630	-9.687
2.653	-9.481
2.676	-8.851
2.698	-8.293
2.721	-8.297
2.744	-9.000
2.766	-10.008
2.789	-10.514
2.812	-9.665
2.834	-7.004
2.857	-2.758
2.880	2.187
2.902	6.625
2.925	9.529
2.948	10.481
2.971	9.813
2.993	8.411
3.016	7.266
3.039	7.018
3.061	7.693
3.084	8.777
3.107	9.554
3.129	9.534
3.152	8.735
3.175	7.671
3.197	7.053
3.220	7.366
3.243	8.538
3.265	9.902
3.288	10.468
3.311	9.388
3.333	6.381
3.356	1.911
3.379	-2.983
3.401	-7.115
3.424	-9.645
3.447	-10.393
3.469	-9.845
3.492	-8.851
3.515	-8.192
3.537	-8.229
3.560	-8.805
3.583	-9.425
3.605	-9.611
3.628	-9.204
3.651	-8.475
3.673	-7.952
3.696	-8.082
3.719	-8.914
3.741	-9.971
3.764	-10.419
3.787	-9.448
3.810	-6.689
3.832	-2.444
3.855	2.386
3.878	6.657
3.900	9.452
3.923	10.448
3.946	10.000
3.968	8.916
3.991	8.047
4.014	7.890
4.036	8.415
4.059	9.172
4.082	9.615
4.104	9.449
4.127	8.810
4.150	8.178
4.172	8.070
4.195	8.681
4.218	9.688
4.240	10.324
4.263	9.725
4.286	7.364
4.308	3.364
4.331	-1.480
4.354	-6.001
4.376	-9.144
4.399	-10.402
4.422	-10.000
4.444	-8.743
4.467	-7.602
4.490	-7.252
4.512	-7.795
4.535	-8.789
4.558	-9.551
4.580	-9.582
4.603	-8.853
4.626	-7.831
4.649	-7.203
4.671	-7.458
4.694	-8.559
4.717	-9.877
4.739	-10.438
4.762	-9.386
4.785	-6.414
4.807	-1.957
4.830	2.958
4.853	7.135
4.875	9.710
4.898	10.480
4.921	9.922
4.943	8.896
4.966	8.207
4.989	8.235
5.011	8.828
5.034	9.481
5.057	9.693
5.079	9.290
5.102	8.539
5.125	7.982
5.147	8.087
5.170	8.914
5.193	9.988
5.215	10.459
5.238	9.501
5.261	6.734
5.283	2.464
5.306	-2.396
5.329	-6.684
5.351	-9.479
5.374	-10.466
5.397	-10.018
5.420	-8.954
5.442	-8.122
5.465	-8.005
5.488	-8.548
5.510	-9.290
5.533	-9.692
5.556	-9.488
5.578	-8.848
5.601	-8.269
5.624	-8.250
5.646	-8.939
5.669	-9.953
5.692	-10.487
5.714	-9.681
5.737	-7.064
5.760	-2.846
5.782	2.097
5.805	6.555
5.828	9.496
5.850	10.487
5.873	9.849
5.896	8.460
5.918	7.314
5.941	7.057
5.964	7.722
5.986	8.800
6.009	9.575
6.032	9.557
6.054	8.758
6.077	7.693
6.100	7.072
6.122	7.382
6.145	8.553
6.168	9.916
6.190	10.480
6.213	9.394
6.236	6.378
6.259	1.898
6.281	-3.003
6.304	-7.136
6.327	-9.661
6.349	-10.404
6.372	-9.854
6.395	-8.864
6.417	-8.214
6.440	-8.261
6.463	-8.841
6.485	-9.459
6.508	-9.634
6.531	-9.217
6.553	-8.482
6.576	-7.962
6.599	-8.104
6.621	-8.948
6.644	-10.008
6.667	-10.446
6.689	-9.455
6.712	-6.674
6.735	-2.415
6.757	2.414
6.780	6.671
6.803	9.449
6.825	10.439
6.848	10.002
6.871	8.946
6.893	8.107
6.916	7.968
6.939	8.487
6.961	9.217
6.984	9.628
7.007	9.448
7.029	8.830
7.052	8.254
7.075	8.213
7.098	8.868
7.120	9.861
7.143	10.410
7.166	9.666
7.188	7.141
7.211	3.012
7.234	-1.880
7.256	-6.353
7.279	-9.368
7.302	-10.462
7.324	-9.915
7.347	-8.572
7.370	-7.417
7.392	-7.111
7.415	-7.722
7.438	-8.769
7.460	-9.551
7.483	-9.565
7.506	-8.803
7.528	-7.752
7.551	-7.117
7.574	-7.390
7.596	-8.524
7.619	-9.870
7.642	-10.444
7.664	-9.387
7.687	-6.400
7.710	-1.929
7.732	2.986
7.755	7.148
7.778	9.700
7.800	10.449
7.823	9.882
7.846	8.861
7.868	8.185
7.891	8.226
7.914	8.822
7.937	9.468
7.959	9.666
7.982	9.252
8.005	8.498
8.027	7.947
8.050	8.064
8.073	8.903
8.095	9.981
8.118	10.450
8.141	9.485
8.163	6.712
8.186	2.442
8.209	-2.411
8.231	-6.688
8.254	-9.472
8.277	-10.453
8.299	-10.002
8.322	-8.938
8.345	-8.107
8.367	-7.988
8.390	-8.528
8.413	-9.267
8.435	-9.668
8.458	-9.465
8.481	-8.825
8.503	-8.241
8.526	-8.213
8.549	-8.894
8.571	-9.906
8.594	-10.451
8.617	-9.671
8.639	-7.090
8.662	-2.907
8.685	2.012
8.707	6.471
8.730	9.437
8.753	10.468
8.776	9.871
8.798	8.511
8.821	7.373
8.844	7.103
8.866	7.745
8.889	8.801
8.912	9.567
8.934	9.550
8.957	8.763
8.980	7.707
9.002	7.089
9.025	7.391
9.048	8.547
9.070	9.898
9.093	10.456
9.116	9.373
9.138	6.365
9.161	1.894
9.184	-3.005
9.206	-7.143
9.229	-9.678
9.252	-10.430
9.274	-9.883
9.297	-8.888
9.320	-8.228
9.342	-8.266
9.365	-8.841
9.388	-9.459
9.410	-9.640
9.433	-9.227
9.456	-8.493
9.478	-7.968
9.501	-8.103
9.524	-8.940
9.546	-9.998
9.569	-10.438
9.592	-9.452
9.615	-6.674
9.637	-2.415
9.660	2.419
9.683	6.683
9.705	9.467
9.728	10.461
9.751	10.026
9.773	8.971
9.796	8.134
9.819	7.998
9.841	8.520
9.864	9.249
9.887	9.657
9.909	9.471
9.932	8.850
9.955	8.275
9.977	8.241
10.000	8.904
10.023	9.897
10.045	10.431
10.068	9.654
10.091	7.085
10.113	2.913
10.136	-2.006
10.159	-6.477
10.181	-9.460
10.204	-10.503
10.227	-9.905
10.249	-8.527
10.272	-7.364
10.295	-7.075
10.317	-7.714
10.340	-8.786
10.363	-9.575
10.385	-9.579
10.408	-8.795
10.431	-7.727
10.454	-7.087
10.476	-7.371
10.499	-8.526
10.522	-9.892
10.544	-10.473
10.567	-9.408
10.590	-6.402
10.612	-1.913
10.635	3.011
10.658	7.168
10.680	9.704
10.703	10.439
10.726	9.866
10.748	8.852
10.771	8.192
10.794	8.248
10.816	8.852
10.839	9.492
10.862	9.677
10.884	9.250
10.907	8.492
10.930	7.949
10.952	8.082
10.975	8.935
10.998	10.018
11.020	10.478
11.043	9.496
11.066	6.706
11.088	2.426
11.111	-2.422
11.134	-6.686
11.156	-9.457
11.179	-10.434
11.202	-9.992
11.224	-8.945
11.247	-8.130
11.270	-8.017
11.293	-8.550
11.315	-9.273
11.338	-9.658
11.361	-9.450
11.383	-8.821
11.406	-8.260
11.429	-8.255
11.451	-8.947
11.474	-9.953
11.497	-10.476
11.519	-9.669
11.542	-7.069
11.565	-2.882
11.587	2.027
