Tiempo	Señal
t/ms	U/V

0,000	4,349
0,023	7,061
0,045	9,067
0,068	10,226
0,091	10,539
0,113	10,146
0,136	9,290
0,159	8,273
0,181	7,394
0,204	6,892
0,227	6,898
0,249	7,411
0,272	8,295
0,295	9,310
0,317	10,156
0,340	10,533
0,363	10,199
0,385	9,020
0,408	6,999
0,431	4,277
0,454	1,114
0,476	-2,157
0,499	-5,189
0,522	-7,680
0,544	-9,423
0,567	-10,341
0,590	-10,496
0,612	-10,067
0,635	-9,316
0,658	-8,528
0,680	-7,958
0,703	-7,776
0,726	-8,034
0,748	-8,659
0,771	-9,461
0,794	-10,179
0,816	-10,529
0,839	-10,261
0,862	-9,217
0,884	-7,359
0,907	-4,789
0,930	-1,726
0,952	1,519
0,975	4,608
0,998	7,225
1,020	9,138
1,043	10,234
1,066	10,537
1,088	10,198
1,111	9,461
1,134	8,615
1,156	7,931
1,179	7,610
1,202	7,744
1,224	8,293
1,247	9,096
1,270	9,903
1,293	10,423
1,315	10,384
1,338	9,590
1,361	7,962
1,383	5,562
1,406	2,582
1,429	-0,681
1,451	-3,879
1,474	-6,672
1,497	-8,788
1,519	-10,071
1,542	-10,503
1,565	-10,207
1,587	-9,416
1,610	-8,428
1,633	-7,545
1,655	-7,016
1,678	-6,981
1,701	-7,451
1,723	-8,301
1,746	-9,298
1,769	-10,142
1,791	-10,531
1,814	-10,217
1,837	-9,058
1,859	-7,051
1,882	-4,335
1,905	-1,167
1,927	2,117
1,950	5,166
1,973	7,672
1,995	9,424
2,018	10,342
2,041	10,488
2,063	10,043
2,086	9,275
2,109	8,473
2,132	7,897
2,154	7,718
2,177	7,989
2,200	8,631
2,222	9,450
2,245	10,180
2,268	10,530
2,290	10,251
2,313	9,185
2,336	7,299
2,358	4,701
2,381	1,619
2,404	-1,634
2,426	-4,713
2,449	-7,307
2,472	-9,188
2,494	-10,252
2,517	-10,534
2,540	-10,192
2,562	-9,476
2,585	-8,673
2,608	-8,049
2,630	-7,793
2,653	-7,981
2,676	-8,556
2,698	-9,347
2,721	-10,096
2,744	-10,512
2,766	-10,333
2,789	-9,380
2,812	-7,597
2,834	-5,066
2,857	-2,000
2,880	1,291
2,902	4,455
2,925	7,158
2,948	9,143
2,971	10,272
2,993	10,551
3,016	10,123
3,039	9,236
3,061	8,196
3,084	7,307
3,107	6,806
3,129	6,823
3,152	7,353
3,175	8,257
3,197	9,290
3,220	10,148
3,243	10,529
3,265	10,191
3,288	9,001
3,311	6,966
3,333	4,231
3,356	1,059
3,379	-2,215
3,401	-5,243
3,424	-7,722
3,447	-9,450
3,469	-10,352
3,492	-10,492
3,515	-10,053
3,537	-9,299
3,560	-8,515
3,583	-7,954
3,605	-7,783
3,628	-8,052
3,651	-8,682
3,673	-9,484
3,696	-10,194
3,719	-10,528
3,741	-10,242
3,764	-9,179
3,787	-7,306
3,810	-4,726
3,832	-1,662
3,855	1,576
3,878	4,651
3,900	7,252
3,923	9,150
3,946	10,235
3,968	10,536
3,991	10,203
4,014	9,482
4,036	8,657
4,059	7,995
4,082	7,694
4,104	7,840
4,127	8,389
4,150	9,179
4,172	9,961
4,195	10,446
4,218	10,367
4,240	9,533
4,263	7,871
4,286	5,446
4,308	2,454
4,331	-0,808
4,354	-3,992
4,376	-6,763
4,399	-8,852
4,422	-10,106
4,444	-10,512
4,467	-10,195
4,490	-9,391
4,512	-8,397
4,535	-7,515
4,558	-6,989
4,580	-6,961
4,603	-7,437
4,626	-8,293
4,649	-9,294
4,671	-10,141
4,694	-10,530
4,717	-10,217
4,739	-9,059
4,762	-7,054
4,785	-4,338
4,807	-1,172
4,830	2,112
4,853	5,162
4,875	7,670
4,898	9,425
4,921	10,347
4,943	10,495
4,966	10,053
4,989	9,284
5,011	8,480
5,034	7,899
5,057	7,714
5,079	7,979
5,102	8,616
5,125	9,435
5,147	10,166
5,170	10,522
5,193	10,251
5,215	9,194
5,238	7,318
5,261	4,726
5,283	1,646
5,306	-1,607
5,329	-4,691
5,351	-7,292
5,374	-9,181
5,397	-10,252
5,420	-10,536
5,442	-10,192
5,465	-9,469
5,488	-8,656
5,510	-8,020
5,533	-7,753
5,556	-7,933
5,578	-8,506
5,601	-9,302
5,624	-10,062
5,646	-10,495
5,669	-10,337
5,692	-9,406
5,714	-7,641
5,737	-5,123
5,760	-2,064
5,782	1,227
5,805	4,399
5,828	7,114
5,850	9,113
5,873	10,256
5,896	10,547
5,918	10,126
5,941	9,243
5,964	8,205
5,986	7,313
6,009	6,810
6,032	6,824
6,054	7,353
6,077	8,256
6,100	9,290
6,122	10,150
6,145	10,532
6,168	10,193
6,190	9,001
6,213	6,962
6,236	4,221
6,259	1,044
6,281	-2,234
6,304	-5,262
6,327	-7,740
6,349	-9,462
6,372	-10,357
6,395	-10,489
6,417	-10,045
6,440	-9,287
6,463	-8,503
6,485	-7,946
6,508	-7,782
6,531	-8,058
6,553	-8,694
6,576	-9,499
6,599	-10,207
6,621	-10,534
6,644	-10,236
6,667	-9,159
6,689	-7,271
6,712	-4,680
6,735	-1,611
6,757	1,626
6,780	4,694
6,803	7,282
6,825	9,165
6,848	10,238
6,871	10,533
6,893	10,203
6,916	9,494
6,939	8,691
6,961	8,056
6,984	7,782
7,007	7,948
7,029	8,507
7,052	9,290
7,075	10,046
7,098	10,488
7,120	10,351
7,143	9,453
7,166	7,728
7,188	5,250
7,211	2,222
7,234	-1,053
7,256	-4,225
7,279	-6,961
7,302	-8,998
7,324	-10,189
7,347	-10,531
7,370	-10,157
7,392	-9,308
7,415	-8,287
7,438	-7,396
7,460	-6,879
7,483	-6,870
7,506	-7,373
7,528	-8,256
7,551	-9,277
7,574	-10,137
7,596	-10,530
7,619	-10,211
7,642	-9,042
7,664	-7,023
7,687	-4,296
7,710	-1,122
7,732	2,162
7,755	5,205
7,778	7,701
7,800	9,442
7,823	10,349
7,846	10,486
7,868	10,037
7,891	9,267
7,914	8,466
7,937	7,892
7,959	7,715
7,982	7,987
8,005	8,629
8,027	9,447
8,050	10,175
8,073	10,524
8,095	10,246
8,118	9,182
8,141	7,300
8,163	4,706
8,186	1,628
8,209	-1,621
8,231	-4,700
8,254	-7,295
8,277	-9,179
8,299	-10,247
8,322	-10,530
8,345	-10,188
8,367	-9,468
8,390	-8,657
8,413	-8,022
8,435	-7,754
8,458	-7,931
8,481	-8,502
8,503	-9,295
8,526	-10,055
8,549	-10,491
8,571	-10,340
8,594	-9,420
8,617	-7,668
8,639	-5,165
8,662	-2,118
8,685	1,166
8,707	4,335
8,730	7,056
8,753	9,066
8,776	10,227
8,798	10,538
8,821	10,138
8,844	9,273
8,866	8,247
8,889	7,361
8,912	6,856
8,934	6,864
8,957	7,382
8,980	8,274
9,002	9,297
9,025	10,150
9,048	10,529
9,070	10,193
9,093	9,006
9,116	6,974
9,138	4,241
9,161	1,070
9,184	-2,206
9,206	-5,237
9,229	-7,720
9,252	-9,450
9,274	-10,352
9,297	-10,491
9,320	-10,051
9,342	-9,294
9,365	-8,508
9,388	-7,946
9,410	-7,776
9,433	-8,048
9,456	-8,681
9,478	-9,486
9,501	-10,197
9,524	-10,530
9,546	-10,239
9,569	-9,168
9,592	-7,287
9,615	-4,699
9,637	-1,630
9,660	1,609
9,683	4,681
9,705	7,274
9,728	9,163
9,751	10,240
9,773	10,537
9,796	10,208
9,819	9,499
9,841	8,694
9,864	8,059
9,887	7,786
9,909	7,954
9,932	8,514
9,955	9,298
9,977	10,052
10,000	10,489
10,023	10,344
10,045	9,433
10,068	7,693
10,091	5,199
10,113	2,158
10,136	-1,126
10,159	-4,301
10,181	-7,031
10,204	-9,053
10,227	-10,224
10,249	-10,541
10,272	-10,141
10,295	-9,269
10,317	-8,232
10,340	-7,332
10,363	-6,814
10,385	-6,813
10,408	-7,329
10,431	-8,227
10,454	-9,263
10,476	-10,133
10,499	-10,531
10,522	-10,210
10,544	-9,034
10,567	-7,004
10,590	-4,267
10,612	-1,084
10,635	2,204
10,658	5,246
10,680	7,735
10,703	9,465
10,726	10,359
10,748	10,484
10,771	10,026
10,794	9,251
10,816	8,452
10,839	7,884
10,862	7,716
10,884	7,998
10,907	8,646
10,930	9,467
10,952	10,192
10,975	10,533
10,998	10,243
11,020	9,165
11,043	7,271
11,066	4,667
11,088	1,585
11,111	-1,664
11,134	-4,736
11,156	-7,322
11,179	-9,196
11,202	-10,256
11,224	-10,535
11,247	-10,193
11,270	-9,479
11,293	-8,677
11,315	-8,053
11,338	-7,794
11,361	-7,977
11,383	-8,548
11,406	-9,336
11,429	-10,085
11,451	-10,506
11,474	-10,340
11,497	-9,406
11,519	-7,645
11,542	-5,137
11,565	-2,091
11,587	1,187
