Tiempo	Señal
t/ms	U/V

0,000	1,891
0,023	3,483
0,045	5,000
0,068	6,408
0,091	7,678
0,113	8,781
0,136	9,695
0,159	10,399
0,181	10,878
0,204	11,122
0,227	11,125
0,249	10,887
0,272	10,414
0,295	9,716
0,317	8,807
0,340	7,708
0,363	6,442
0,385	5,037
0,408	3,523
0,431	1,933
0,454	0,300
0,476	-1,338
0,499	-2,948
0,522	-4,494
0,544	-5,943
0,567	-7,263
0,590	-8,426
0,612	-9,407
0,635	-10,184
0,658	-10,741
0,680	-11,066
0,703	-11,151
0,726	-10,995
0,748	-10,601
0,771	-9,977
0,794	-9,138
0,816	-8,101
0,839	-6,889
0,862	-5,527
0,884	-4,046
0,907	-2,478
0,930	-0,856
0,952	0,785
0,975	2,409
0,998	3,980
1,020	5,466
1,043	6,833
1,066	8,052
1,088	9,097
1,111	9,945
1,134	10,578
1,156	10,983
1,179	11,149
1,202	11,074
1,224	10,760
1,247	10,212
1,270	9,444
1,293	8,471
1,315	7,315
1,338	6,000
1,361	4,556
1,383	3,013
1,406	1,405
1,429	-0,234
1,451	-1,867
1,474	-3,460
1,497	-4,979
1,519	-6,389
1,542	-7,661
1,565	-8,768
1,587	-9,684
1,610	-10,391
1,633	-10,873
1,655	-11,120
1,678	-11,126
1,701	-10,891
1,723	-10,420
1,746	-9,724
1,769	-8,817
1,791	-7,720
1,814	-6,455
1,837	-5,050
1,859	-3,536
1,882	-1,946
1,905	-0,313
1,927	1,326
1,950	2,937
1,973	4,484
1,995	5,934
2,018	7,256
2,041	8,420
2,063	9,402
2,086	10,181
2,109	10,739
2,132	11,065
2,154	11,151
2,177	10,996
2,200	10,602
2,222	9,979
2,245	9,140
2,268	8,103
2,290	6,890
2,313	5,529
2,336	4,047
2,358	2,478
2,381	0,855
2,404	-0,786
2,426	-2,410
2,449	-3,982
2,472	-5,468
2,494	-6,836
2,517	-8,055
2,540	-9,100
2,562	-9,948
2,585	-10,580
2,608	-10,984
2,630	-11,149
2,653	-11,073
2,676	-10,758
2,698	-10,209
2,721	-9,439
2,744	-8,465
2,766	-7,307
2,789	-5,991
2,812	-4,546
2,834	-3,002
2,857	-1,393
2,880	0,246
2,902	1,880
2,925	3,473
2,948	4,991
2,971	6,401
2,993	7,672
3,016	8,777
3,039	9,692
3,061	10,397
3,084	10,877
3,107	11,122
3,129	11,125
3,152	10,888
3,175	10,414
3,197	9,715
3,220	8,806
3,243	7,706
3,265	6,439
3,288	5,033
3,311	3,518
3,333	1,926
3,356	0,293
3,379	-1,347
3,401	-2,957
3,424	-4,503
3,447	-5,952
3,469	-7,272
3,492	-8,435
3,515	-9,414
3,537	-10,190
3,560	-10,745
3,583	-11,068
3,605	-11,151
3,628	-10,992
3,651	-10,595
3,673	-9,969
3,696	-9,127
3,719	-8,087
3,741	-6,872
3,764	-5,509
3,787	-4,026
3,810	-2,456
3,832	-0,832
3,855	0,809
3,878	2,433
3,900	4,004
3,923	5,488
3,946	6,854
3,968	8,071
3,991	9,114
4,014	9,959
4,036	10,588
4,059	10,988
4,082	11,150
4,104	11,071
4,127	10,752
4,150	10,200
4,172	9,428
4,195	8,451
4,218	7,291
4,240	5,973
4,263	4,526
4,286	2,981
4,308	1,372
4,331	-0,267
4,354	-1,901
4,376	-3,493
4,399	-5,010
4,422	-6,418
4,444	-7,687
4,467	-8,790
4,490	-9,702
4,512	-10,405
4,535	-10,882
4,558	-11,123
4,580	-11,124
4,603	-10,884
4,626	-10,408
4,649	-9,707
4,671	-8,796
4,694	-7,694
4,717	-6,426
4,739	-5,019
4,762	-3,503
4,785	-1,911
4,807	-0,278
4,830	1,361
4,853	2,971
4,875	4,517
4,898	5,964
4,921	7,283
4,943	8,443
4,966	9,421
4,989	10,195
5,011	10,749
5,034	11,070
5,057	11,151
5,079	10,990
5,102	10,592
5,125	9,964
5,147	9,121
5,170	8,081
5,193	6,865
5,215	5,501
5,238	4,018
5,261	2,447
5,283	0,824
5,306	-0,817
5,329	-2,440
5,351	-4,011
5,374	-5,494
5,397	-6,859
5,420	-8,075
5,442	-9,117
5,465	-9,961
5,488	-10,590
5,510	-10,989
5,533	-11,150
5,556	-11,070
5,578	-10,751
5,601	-10,198
5,624	-9,425
5,646	-8,448
5,669	-7,288
5,692	-5,971
5,714	-4,524
5,737	-2,979
5,760	-1,370
5,782	0,269
5,805	1,902
5,828	3,494
5,850	5,011
5,873	6,419
5,896	7,687
5,918	8,790
5,941	9,702
5,964	10,404
5,986	10,881
6,009	11,123
6,032	11,124
6,054	10,884
6,077	10,408
6,100	9,707
6,122	8,796
6,145	7,694
6,168	6,426
6,190	5,019
6,213	3,503
6,236	1,912
6,259	0,279
6,281	-1,360
6,304	-2,970
6,327	-4,515
6,349	-5,963
6,372	-7,281
6,395	-8,442
6,417	-9,420
6,440	-10,195
6,463	-10,748
6,485	-11,069
6,508	-11,150
6,531	-10,990
6,553	-10,592
6,576	-9,964
6,599	-9,121
6,621	-8,081
6,644	-6,865
6,667	-5,501
6,689	-4,018
6,712	-2,448
6,735	-0,824
6,757	0,817
6,780	2,440
6,803	4,011
6,825	5,494
6,848	6,859
6,871	8,075
6,893	9,117
6,916	9,961
6,939	10,589
6,961	10,988
6,984	11,150
7,007	11,069
7,029	10,750
7,052	10,197
7,075	9,424
7,098	8,446
7,120	7,286
7,143	5,968
7,166	4,521
7,188	2,975
7,211	1,366
7,234	-0,273
7,256	-1,907
7,279	-3,498
7,302	-5,015
7,324	-6,422
7,347	-7,691
7,370	-8,793
7,392	-9,705
7,415	-10,406
7,438	-10,882
7,460	-11,123
7,483	-11,122
7,506	-10,881
7,528	-10,405
7,551	-9,702
7,574	-8,790
7,596	-7,688
7,619	-6,419
7,642	-5,011
7,664	-3,494
7,687	-1,902
7,710	-0,269
7,732	1,370
7,755	2,980
7,778	4,525
7,800	5,972
7,823	7,290
7,846	8,449
7,868	9,426
7,891	10,199
7,914	10,751
7,937	11,070
7,959	11,149
7,982	10,987
8,005	10,587
8,027	9,958
8,050	9,113
8,073	8,070
8,095	6,853
8,118	5,488
8,141	4,004
8,163	2,433
8,186	0,809
8,209	-0,832
8,231	-2,455
8,254	-4,025
8,277	-5,508
8,299	-6,872
8,322	-8,087
8,345	-9,126
8,367	-9,968
8,390	-10,594
8,413	-10,991
8,435	-11,150
8,458	-11,067
8,481	-10,745
8,503	-10,190
8,526	-9,414
8,549	-8,434
8,571	-7,272
8,594	-5,952
8,617	-4,504
8,639	-2,958
8,662	-1,348
8,685	0,292
8,707	1,925
8,730	3,516
8,753	5,031
8,776	6,437
8,798	7,704
8,821	8,804
8,844	9,714
8,866	10,413
8,889	10,886
8,912	11,124
8,934	11,121
8,957	10,877
8,980	10,398
9,002	9,694
9,025	8,779
9,048	7,675
9,070	6,404
9,093	4,995
9,116	3,478
9,138	1,885
9,161	0,252
9,184	-1,387
9,206	-2,996
9,229	-4,540
9,252	-5,986
9,274	-7,302
9,297	-8,460
9,320	-9,435
9,342	-10,205
9,365	-10,755
9,388	-11,072
9,410	-11,149
9,433	-10,985
9,456	-10,583
9,478	-9,952
9,501	-9,106
9,524	-8,062
9,546	-6,844
9,569	-5,478
9,592	-3,993
9,615	-2,422
9,637	-0,798
9,660	0,843
9,683	2,465
9,705	4,035
9,728	5,516
9,751	6,879
9,773	8,093
9,796	9,131
9,819	9,972
9,841	10,597
9,864	10,993
9,887	11,150
9,909	11,067
9,932	10,744
9,955	10,188
9,977	9,412
10,000	8,432
10,023	7,270
10,045	5,951
10,068	4,502
10,091	2,957
10,113	1,347
10,136	-0,292
10,159	-1,924
10,181	-3,515
10,204	-5,030
10,227	-6,436
10,249	-7,703
10,272	-8,803
10,295	-9,712
10,317	-10,411
10,340	-10,886
10,363	-11,124
10,385	-11,122
10,408	-10,879
10,431	-10,401
10,454	-9,698
10,476	-8,785
10,499	-7,682
10,522	-6,413
10,544	-5,005
10,567	-3,489
10,590	-1,897
10,612	-0,264
10,635	1,374
10,658	2,983
10,680	4,527
10,703	5,974
10,726	7,291
10,748	8,450
10,771	9,426
10,794	10,199
10,816	10,751
10,839	11,070
10,862	11,150
10,884	10,989
10,907	10,590
10,930	9,961
10,952	9,118
10,975	8,077
10,998	6,862
11,020	5,498
11,043	4,015
11,066	2,445
11,088	0,822
11,111	-0,818
11,134	-2,441
11,156	-4,011
11,179	-5,494
11,202	-6,858
11,224	-8,074
11,247	-9,115
11,270	-9,960
11,293	-10,588
11,315	-10,988
11,338	-11,150
11,361	-11,071
11,383	-10,752
11,406	-10,201
11,429	-9,429
11,451	-8,453
11,474	-7,294
11,497	-5,978
11,519	-4,532
11,542	-2,988
11,565	-1,380
11,587	0,259
