0,000	2,82	6,28
0,020	0,00	5,45
0,039	0,02	2,45
0,059	0,00	2,21
0,078	0,00	4,54
0,098	0,00	3,69
0,117	0,00	1,84
0,137	0,00	2,52
0,156	0,00	1,94
0,176	0,00	0,99
0,195	0,00	2,84
0,215	0,00	2,33
0,234	0,00	2,73
0,254	0,00	3,41
0,273	0,00	2,30
0,293	0,00	2,77
0,313	0,00	2,28
0,332	0,00	2,03
0,352	0,00	1,91
0,371	0,00	2,14
0,391	0,00	2,18
0,410	0,00	2,68
0,430	0,00	2,21
0,449	0,00	1,75
0,469	0,00	2,44
0,488	0,00	2,00
0,508	0,00	1,61
0,527	0,00	1,87
0,547	0,00	2,11
0,566	0,00	2,18
0,586	0,00	2,16
0,605	0,00	1,68
0,625	0,00	1,88
0,645	0,00	2,04
0,664	0,00	1,80
0,684	0,00	1,77
0,703	0,00	1,76
0,723	0,00	1,90
0,742	0,00	2,11
0,762	0,00	1,77
0,781	0,00	1,48
0,801	0,00	1,88
0,820	0,00	1,77
0,840	0,01	1,74
0,859	0,01	1,64
0,879	0,01	1,57
0,898	0,01	1,88
0,918	0,01	2,04
0,938	0,02	1,54
0,957	0,02	1,04
0,977	0,05	1,67
0,996	4,06	1,64
1,016	0,05	4,80
1,035	0,03	4,54
1,055	0,02	4,62
1,074	0,01	4,81
1,094	0,01	4,69
1,113	0,01	4,80
1,133	0,01	4,72
1,152	0,01	4,53
1,172	0,00	4,70
1,191	0,01	4,61
1,211	0,01	4,47
1,230	0,00	4,64
1,250	0,00	4,65
1,270	0,00	4,66
1,289	0,00	4,76
1,309	0,00	4,52
1,328	0,00	4,47
1,348	0,00	4,55
1,367	0,00	4,36
1,387	0,00	4,50
1,406	0,00	4,50
1,426	0,00	4,62
1,445	0,00	4,66
1,465	0,00	4,67
1,484	0,00	4,39
1,504	0,00	4,34
1,523	0,00	4,26
1,543	0,00	4,35
1,563	0,00	4,58
1,582	0,00	4,51
1,602	0,00	4,36
1,621	0,00	4,62
1,641	0,00	4,58
1,660	0,00	4,38
1,680	0,00	4,43
1,699	0,00	3,85
1,719	0,00	4,43
1,738	0,00	4,68
1,758	0,00	4,19
1,777	0,00	3,74
1,797	0,00	5,27
1,816	0,00	5,04
1,836	0,00	5,46
1,855	0,00	3,47
1,875	0,00	2,72
1,895	0,00	5,22
1,914	0,00	4,78
1,934	0,00	1,02
1,953	0,01	0,69
1,973	0,00	5,84
1,992	0,16	0,11
2,012	0,01	3,28
2,031	0,01	5,42
2,051	0,00	4,12
2,070	0,00	4,42
2,090	0,00	3,85
2,109	0,00	1,16
2,129	0,00	0,01
2,148	0,00	3,77
2,168	0,00	3,53
2,188	0,00	4,24
2,207	0,00	4,26
2,227	0,00	4,22
2,246	0,00	4,05
2,266	0,00	3,55
2,285	0,00	2,73
2,305	0,00	3,75
2,324	0,00	3,58
2,344	0,00	3,98
2,363	0,00	4,09
2,383	0,00	3,61
2,402	0,00	4,33
2,422	0,00	4,06
2,441	0,00	3,23
2,461	0,00	3,59
2,480	0,00	3,05
2,500	0,00	3,42
2,520	0,00	3,77
2,539	0,00	3,37
2,559	0,00	4,23
2,578	0,00	4,17
2,598	0,00	3,51
2,617	0,00	2,61
2,637	0,00	2,62
2,656	0,00	2,91
2,676	0,00	3,72
2,695	0,00	3,77
2,715	0,00	2,78
2,734	0,00	1,31
2,754	0,00	3,17
2,773	0,00	1,83
2,793	0,00	4,49
2,813	0,00	3,40
2,832	0,00	2,32
2,852	0,00	4,28
2,871	0,00	3,64
2,891	0,00	1,28
2,910	0,00	0,28
2,930	0,00	2,69
2,949	0,00	2,26
2,969	0,00	1,95
2,988	0,14	1,78
3,008	0,01	4,90
3,027	0,02	4,28
3,047	0,00	4,14
3,066	0,00	6,23
3,086	0,00	5,16
3,105	0,00	3,34
3,125	0,00	3,16
3,145	0,00	4,63
3,164	0,00	4,60
3,184	0,00	4,60
3,203	0,00	4,11
3,223	0,00	3,86
3,242	0,00	5,41
3,262	0,00	4,04
3,281	0,00	3,32
3,301	0,00	3,66
3,320	0,00	4,84
3,340	0,00	4,21
3,359	0,00	3,85
3,379	0,00	3,73
3,398	0,00	3,50
3,418	0,00	4,52
3,438	0,00	3,69
3,457	0,00	3,41
3,477	0,00	3,77
3,496	0,00	3,84
3,516	0,00	4,43
3,535	0,00	3,96
3,555	0,00	3,48
3,574	0,00	4,61
3,594	0,00	4,42
3,613	0,00	3,20
3,633	0,00	3,67
3,652	0,00	3,57
3,672	0,00	4,39
3,691	0,00	4,50
3,711	0,00	3,58
3,730	0,00	3,06
3,750	0,00	4,05
3,770	0,00	2,55
3,789	0,00	3,11
3,809	0,00	3,62
3,828	0,00	3,32
3,848	0,00	5,46
3,867	0,00	4,36
3,887	0,00	3,35
3,906	0,00	3,21
3,926	0,00	3,14
3,945	0,00	1,76
3,965	0,01	3,51
3,984	0,09	3,41
4,004	0,00	0,82
4,023	0,03	5,87
4,043	0,00	5,60
4,063	0,01	1,88
4,082	0,00	1,29
4,102	0,00	4,59
4,121	0,00	4,27
4,141	0,00	0,31
4,160	0,00	5,06
4,180	0,00	6,06
4,199	0,00	5,30
4,219	0,00	4,51
4,238	0,00	2,20
4,258	0,00	3,81
4,277	0,00	4,23
4,297	0,00	4,45
4,316	0,00	4,80
4,336	0,00	2,63
4,355	0,00	5,61
4,375	0,00	4,62
4,395	0,00	2,87
4,414	0,00	2,09
4,434	0,00	3,70
4,453	0,00	3,67
4,473	0,00	3,72
4,492	0,00	4,02
4,512	0,00	2,80
4,531	0,00	5,19
4,551	0,00	4,36
4,570	0,00	2,79
4,590	0,00	3,22
4,609	0,00	3,73
4,629	0,00	4,63
4,648	0,00	4,38
4,668	0,00	3,14
4,688	0,00	5,51
4,707	0,00	4,73
4,727	0,00	4,50
4,746	0,00	3,26
4,766	0,00	2,88
4,785	0,00	3,99
4,805	0,00	4,86
4,824	0,00	4,18
4,844	0,00	4,16
4,863	0,00	5,05
4,883	0,00	4,82
4,902	0,00	5,35
4,922	0,00	3,78
4,941	0,01	3,00
4,961	0,01	5,09
4,980	0,08	5,04
