0,000	-0,572
0,100	4,216
0,200	7,423
0,300	7,843
0,400	5,316
0,500	0,788
0,600	-4,041
0,700	-7,355
0,800	-7,904
0,900	-5,477
1,000	-0,983
1,100	3,888
1,200	7,298
1,300	7,958
1,400	5,614
1,500	1,145
1,600	-3,762
1,700	-7,252
1,800	-8,001
1,900	-5,721
2,000	-1,272
2,100	3,663
2,200	7,212
2,300	8,028
2,400	5,798
2,500	1,367
2,600	-3,584
2,700	-7,175
2,800	-8,041
2,900	-5,853
3,000	-1,442
3,100	3,517
3,200	7,138
3,300	8,046
3,400	5,897
3,500	1,508
3,600	-3,452
3,700	-7,100
3,800	-8,049
3,900	-5,941
4,000	-1,577
4,100	3,385
4,200	7,061
4,300	8,056
4,400	5,993
4,500	1,655
4,600	-3,312
4,700	-7,024
4,800	-8,072
4,900	-6,058
5,000	-1,745
5,100	3,233
5,200	6,988
5,300	8,096
5,400	6,134
5,500	1,844
5,600	-3,150
5,700	-6,954
5,800	-8,125
5,900	-6,215
6,000	-1,946
6,100	3,066
6,200	6,920
6,300	8,152
6,400	6,294
6,500	2,046
6,600	-2,981
6,700	-6,881
6,800	-8,173
6,900	-6,366
7,000	-2,143
7,100	2,895
7,200	6,835
7,300	8,184
7,400	6,428
7,500	2,234
7,600	-2,807
7,700	-6,782
7,800	-8,184
7,900	-6,482
8,000	-2,323
8,100	2,715
8,200	6,722
8,300	8,177
8,400	6,532
8,500	2,412
8,600	-2,621
8,700	-6,657
8,800	-8,168
8,900	-6,582
9,000	-2,503
9,100	2,523
9,200	6,591
9,300	8,160
9,400	6,636
9,500	2,598
9,600	-2,425
9,700	-6,528
9,800	-8,157
9,900	-6,694
10,000	-2,694
10,100	2,329
10,200	6,469
10,300	8,158
10,400	6,755
10,500	2,789
10,600	-2,235
10,700	-6,413
10,800	-8,160
10,900	-6,813
11,000	-2,881
11,100	2,144
11,200	6,358
11,300	8,160
11,400	6,866
11,500	2,968
11,600	-2,056
11,700	-6,299
11,800	-8,152
11,900	-6,912
12,000	-3,050
12,100	1,967
12,200	6,236
12,300	8,137
12,400	6,951
12,500	3,129
12,600	-1,876
12,700	-6,166
12,800	-8,115
12,900	-6,984
13,000	-3,207
13,100	1,783
13,200	6,093
13,300	8,089
13,400	7,017
13,500	3,286
13,600	-1,687
13,700	-6,017
13,800	-8,063
13,900	-7,051
14,000	-3,367
14,100	1,591
14,200	5,943
14,300	8,041
14,400	7,089
14,500	3,450
14,600	-1,496
14,700	-5,874
14,800	-8,024
14,900	-7,131
15,000	-3,535
15,100	1,403
15,200	5,808
15,300	8,012
15,400	7,176
15,500	3,619
15,600	-1,312
15,700	-5,746
15,800	-8,001
15,900	-7,221
16,000	-3,702
16,100	1,222
16,200	5,683
16,300	7,988
16,400	7,263
16,500	3,783
16,600	-1,132
16,700	-5,618
16,800	-7,972
16,900	-7,302
17,000	-3,863
17,100	1,040
17,200	5,548
17,300	7,950
17,400	7,337
17,500	3,943
17,600	-0,945
17,700	-5,473
17,800	-7,924
17,900	-7,370
18,000	-4,023
18,100	0,848
18,200	5,395
18,300	7,896
18,400	7,402
18,500	4,103
18,600	-0,750
18,700	-5,318
18,800	-7,868
18,900	-7,435
19,000	-4,183
19,100	0,654
19,200	5,243
19,300	7,843
19,400	7,469
19,500	4,262
19,600	-0,561
19,700	-5,172
19,800	-7,821
19,900	-7,503
20,000	-4,339
20,100	0,472
20,200	5,104
20,300	7,801
20,400	7,538
20,500	4,414
20,600	-0,384
20,700	-5,038
20,800	-7,780
20,900	-7,571
21,000	-4,489
21,100	0,296
21,200	4,969
21,300	7,757
21,400	7,602
21,500	4,564
21,600	-0,206
21,700	-4,897
21,800	-7,731
21,900	-7,633
22,000	-4,640
22,100	0,112
22,200	4,821
22,300	7,702
22,400	7,662
22,500	4,718
22,600	-0,014
22,700	-4,741
22,800	-7,670
22,900	-7,691
23,000	-4,797
23,100	-0,085
23,200	4,660
23,300	7,637
23,400	7,720
23,500	4,876
23,600	0,183
23,700	-4,579
23,800	-7,606
23,900	-7,748
24,000	-4,953
24,100	-0,278
24,200	4,502
24,300	7,575
24,400	7,775
24,500	5,026
24,600	0,369
24,700	-4,428
24,800	-7,546
24,900	-7,801
25,000	-5,095
25,100	-0,457
25,200	4,356
25,300	7,516
25,400	7,824
25,500	5,162
25,600	0,542
25,700	-4,284
25,800	-7,485
25,900	-7,845
26,000	-5,229
26,100	-0,628
26,200	4,210
26,300	7,452
26,400	7,866
26,500	5,297
26,600	0,718
26,700	-4,133
26,800	-7,417
26,900	-7,888
27,000	-5,368
27,100	-0,812
27,200	4,052
27,300	7,381
27,400	7,911
27,500	5,442
27,600	0,909
27,700	-3,969
27,800	-7,343
27,900	-7,935
28,000	-5,518
28,100	-1,009
28,200	3,884
28,300	7,306
28,400	7,958
28,500	5,593
28,600	1,107
28,700	-3,800
28,800	-7,268
28,900	-7,980
29,000	-5,666
29,100	-1,202
29,200	3,718
29,300	7,230
29,400	7,999
29,500	5,735
29,600	1,294
29,700	-3,638
29,800	-7,191
29,900	-8,016
30,000	-5,800
30,100	-1,384
30,200	3,559
30,300	7,151
30,400	8,031
30,500	5,864
30,600	1,472
30,700	-3,479
30,800	-7,112
30,900	-8,046
31,000	-5,929
31,100	-1,561
31,200	3,400
31,300	7,073
31,400	8,064
31,500	5,997
31,600	1,653
31,700	-3,320
31,800	-7,036
31,900	-8,085
32,000	-6,068
32,100	-1,747
32,200	3,239
32,300	7,001
32,400	8,109
32,500	6,142
32,600	1,842
32,700	-3,159
32,800	-6,966
32,900	-8,133
33,000	-6,215
33,100	-1,937
33,200	3,079
33,300	6,930
33,400	8,154
33,500	6,285
33,600	2,029
33,700	-2,998
33,800	-6,891
33,900	-8,169
34,000	-6,349
34,100	-2,119
34,200	2,915
34,300	6,844
34,400	8,177
34,500	6,408
34,600	2,208
34,700	-2,828
34,800	-6,791
34,900	-8,177
35,000	-6,463
35,100	-2,298
35,200	2,736
35,300	6,731
35,400	8,173
35,500	6,517
35,600	2,392
35,700	-2,639
35,800	-6,667
35,900	-8,168
36,000	-6,573
36,100	-2,489
36,200	2,538
36,300	6,603
36,400	8,165
36,500	6,634
36,600	2,589
36,700	-2,438
36,800	-6,541
36,900	-8,167
37,000	-6,698
37,100	-2,690
37,200	2,339
37,300	6,483
37,400	8,171
37,500	6,762
37,600	2,788
37,700	-2,245
37,800	-6,428
37,900	-8,176
38,000	-6,823
38,100	-2,882
38,200	2,154
38,300	6,374
38,400	8,176
38,500	6,877
38,600	2,968
38,700	-2,066
38,800	-6,316
38,900	-8,168
39,000	-6,921
39,100	-3,048
39,200	1,979
39,300	6,252
39,400	8,150
39,500	6,955
39,600	3,123
39,700	-1,890
39,800	-6,181
39,900	-8,124
40,000	-6,984
40,100	-3,197
40,200	1,798
40,300	6,106
40,400	8,094
40,500	7,012
40,600	3,272
40,700	-1,704
40,800	-6,029
40,900	-8,065
41,000	-7,042
41,100	-3,350
41,200	1,609
41,300	5,956
41,400	8,042
41,500	7,079
41,600	3,431
41,700	-1,517
41,800	-5,889
41,900	-8,028
42,000	-7,121
42,100	-3,513
42,200	1,428
42,300	5,829
42,400	8,020
42,500	7,168
42,600	3,596
42,700	-1,343
42,800	-5,773
42,900	-8,014
43,000	-7,214
43,100	-3,676
43,200	1,258
43,300	5,716
43,400	8,005
43,500	7,258
43,600	3,756
43,700	-1,170
43,800	-5,652
43,900	-7,989
44,000	-7,296
44,100	-3,836
44,200	1,077
44,300	5,579
44,400	7,963
44,500	7,328
44,600	3,916
44,700	-0,977
44,800	-5,496
44,900	-7,930
45,000	-7,358
45,100	-3,999
45,200	0,872
45,300	5,409
45,400	7,894
45,500	7,387
45,600	4,083
45,700	-0,767
45,800	-5,324
45,900	-7,862
46,000	-7,419
46,100	-4,165
46,200	0,668
46,300	5,248
46,400	7,838
46,500	7,454
46,600	4,243
46,700	-0,581
46,800	-5,185
46,900	-7,823
47,000	-7,491
47,100	-4,313
47,200	0,505
47,300	5,135
47,400	7,816
47,500	7,528
47,600	4,378
47,700	-0,438
47,800	-5,090
47,900	-7,809
48,000	-7,562
48,100	-4,440
48,200	0,369
48,300	5,039
48,400	7,795
48,500	7,592
48,600	4,507
48,700	-0,286
48,800	-4,969
48,900	-7,766
49,000	-7,620
49,100	-4,588
49,200	0,177
49,300	4,871
49,400	7,720
49,500	7,649
49,600	4,692
49,700	-0,033
49,800	-4,740
49,900	-7,656
50,000	-7,685
50,100	-4,821
50,200	-0,146
50,300	4,580
50,400	7,580
50,500	7,729
50,600	4,974
50,700	0,352
50,800	-4,400
50,900	-7,499
51,000	-7,783
51,100	-5,144
