Tiempo	Señal
t/ms	U/V

0,000	0,51
0,023	1,35
0,045	2,17
0,068	3,04
0,091	3,84
0,113	4,71
0,136	5,54
0,159	6,41
0,181	7,26
0,204	8,09
0,227	8,99
0,249	8,13
0,272	7,29
0,295	6,42
0,317	5,56
0,340	4,75
0,363	3,88
0,385	3,06
0,408	2,21
0,431	1,38
0,454	0,55
0,476	-0,27
0,499	-1,12
0,522	-1,93
0,544	-2,75
0,567	-3,58
0,590	-4,37
0,612	-5,23
0,635	-5,99
0,658	-6,80
0,680	-7,62
0,703	-8,40
0,726	-8,14
0,748	-7,31
0,771	-6,53
0,794	-5,71
0,816	-4,89
0,839	-4,08
0,862	-3,26
0,884	-2,45
0,907	-1,61
0,930	-0,79
0,952	0,04
0,975	0,87
0,998	1,71
1,020	2,57
1,043	3,39
1,066	4,22
1,088	5,06
1,111	5,94
1,134	6,77
1,156	7,63
1,179	8,48
1,202	8,62
1,224	7,78
1,247	6,89
1,270	6,06
1,293	5,20
1,315	4,36
1,338	3,53
1,361	2,67
1,383	1,85
1,406	1,01
1,429	0,20
1,451	-0,65
1,474	-1,48
1,497	-2,29
1,519	-3,12
1,542	-3,91
1,565	-4,76
1,587	-5,54
1,610	-6,37
1,633	-7,16
1,655	-7,96
1,678	-8,60
1,701	-7,77
1,723	-6,99
1,746	-6,16
1,769	-5,37
1,791	-4,54
1,814	-3,73
1,837	-2,92
1,859	-2,07
1,882	-1,26
1,905	-0,42
1,927	0,41
1,950	1,24
1,973	2,07
1,995	2,93
2,018	3,76
2,041	4,59
2,063	5,47
2,086	6,28
2,109	7,16
2,132	7,99
2,154	8,86
2,177	8,26
2,200	7,37
2,222	6,53
2,245	5,68
2,268	4,84
2,290	3,99
2,313	3,15
2,336	2,32
2,358	1,49
2,381	0,66
2,404	-0,19
2,426	-1,01
2,449	-1,84
2,472	-2,65
2,494	-3,46
2,517	-4,30
2,540	-5,09
2,562	-5,92
2,585	-6,70
2,608	-7,51
2,630	-8,31
2,653	-8,23
2,676	-7,45
2,698	-6,61
2,721	-5,82
2,744	-4,99
2,766	-4,19
2,789	-3,37
2,812	-2,53
2,834	-1,72
2,857	-0,88
2,880	-0,07
2,902	0,79
2,925	1,61
2,948	2,45
2,971	3,29
2,993	4,12
3,016	4,98
3,039	5,80
3,061	6,68
3,084	7,52
3,107	8,39
3,129	8,74
3,152	7,86
3,175	7,02
3,197	6,15
3,220	5,31
3,243	4,46
3,265	3,62
3,288	2,79
3,311	1,93
3,333	1,12
3,356	0,27
3,379	-0,53
3,401	-1,38
3,424	-2,20
3,447	-3,01
3,469	-3,82
3,492	-4,65
3,515	-5,46
3,537	-6,25
3,560	-7,07
3,583	-7,84
3,605	-8,68
3,628	-7,89
3,651	-7,06
3,673	-6,28
3,696	-5,46
3,719	-4,65
3,741	-3,81
3,764	-3,01
3,787	-2,18
3,810	-1,35
3,832	-0,52
3,855	0,32
3,878	1,13
3,900	1,99
3,923	2,81
3,946	3,66
3,968	4,50
3,991	5,34
4,014	6,20
4,036	7,02
4,059	7,92
4,082	8,76
4,104	8,35
4,127	7,50
4,150	6,63
4,172	5,79
4,195	4,92
4,218	4,10
4,240	3,25
4,263	2,41
4,286	1,57
4,308	0,74
4,331	-0,07
4,354	-0,92
4,376	-1,72
4,399	-2,57
4,422	-3,36
4,444	-4,19
4,467	-5,01
4,490	-5,80
4,512	-6,63
4,535	-7,40
4,558	-8,23
4,580	-8,34
4,603	-7,53
4,626	-6,73
4,649	-5,89
4,671	-5,11
4,694	-4,27
4,717	-3,46
4,739	-2,64
4,762	-1,81
4,785	-0,99
4,807	-0,15
4,830	0,66
4,853	1,52
4,875	2,34
4,898	3,19
4,921	4,02
4,943	4,86
4,966	5,71
4,989	6,57
5,011	7,43
5,034	8,27
5,057	8,86
5,079	7,96
5,102	7,12
5,125	6,26
5,147	5,39
5,170	4,58
5,193	3,72
5,215	2,88
5,238	2,04
5,261	1,21
5,283	0,38
5,306	-0,45
5,329	-1,26
5,351	-2,11
5,374	-2,90
5,397	-3,74
5,420	-4,54
5,442	-5,36
5,465	-6,17
5,488	-6,95
5,510	-7,78
5,533	-8,56
5,556	-8,00
5,578	-7,18
5,601	-6,36
5,624	-5,57
5,646	-4,72
5,669	-3,94
5,692	-3,10
5,714	-2,28
5,737	-1,44
5,760	-0,62
5,782	0,19
5,805	1,04
5,828	1,86
5,850	2,72
5,873	3,53
5,896	4,39
5,918	5,25
5,941	6,09
5,964	6,95
5,986	7,77
6,009	8,67
6,032	8,46
6,054	7,60
6,077	6,74
6,100	5,87
6,122	5,05
6,145	4,18
6,168	3,36
6,190	2,51
6,213	1,68
6,236	0,86
6,259	0,01
6,281	-0,79
6,304	-1,64
6,327	-2,44
6,349	-3,29
6,372	-4,08
6,395	-4,89
6,417	-5,72
6,440	-6,51
6,463	-7,31
6,485	-8,11
6,508	-8,45
6,531	-7,61
6,553	-6,83
6,576	-6,01
6,599	-5,20
6,621	-4,40
6,644	-3,55
6,667	-2,76
6,689	-1,91
6,712	-1,10
6,735	-0,26
6,757	0,57
6,780	1,39
6,803	2,24
6,825	3,06
6,848	3,92
6,871	4,75
6,893	5,61
6,916	6,46
6,939	7,30
6,961	8,18
6,984	8,97
7,007	8,09
7,029	7,21
7,052	6,37
7,075	5,51
7,098	4,66
7,120	3,84
7,143	2,98
7,166	2,16
7,188	1,31
7,211	0,49
7,234	-0,33
7,256	-1,16
7,279	-1,98
7,302	-2,82
7,324	-3,61
7,347	-4,45
7,370	-5,25
7,392	-6,06
7,415	-6,87
7,438	-7,65
7,460	-8,48
7,483	-8,07
7,506	-7,29
7,528	-6,47
7,551	-5,65
7,574	-4,86
7,596	-4,02
7,619	-3,23
7,642	-2,37
7,664	-1,57
7,687	-0,73
7,710	0,10
7,732	0,93
7,755	1,78
7,778	2,59
7,800	3,45
7,823	4,27
7,846	5,14
7,868	5,99
7,891	6,82
7,914	7,69
7,937	8,54
7,959	8,58
7,982	7,70
8,005	6,86
8,027	5,98
8,050	5,15
8,073	4,30
8,095	3,45
8,118	2,64
8,141	1,77
8,163	0,97
8,186	0,13
8,209	-0,69
8,231	-1,52
8,254	-2,35
8,277	-3,16
8,299	-3,99
8,322	-4,79
8,345	-5,61
8,367	-6,42
8,390	-7,22
8,413	-8,03
8,435	-8,54
8,458	-7,73
8,481	-6,92
8,503	-6,11
8,526	-5,30
8,549	-4,50
8,571	-3,67
8,594	-2,84
8,617	-2,04
8,639	-1,19
8,662	-0,37
8,685	0,46
8,707	1,30
8,730	2,13
8,753	2,99
8,776	3,80
8,798	4,66
8,821	5,49
8,844	6,37
8,866	7,21
8,889	8,04
8,912	8,93
8,934	8,17
8,957	7,35
8,980	6,46
9,002	5,62
9,025	4,79
9,048	3,93
9,070	3,11
9,093	2,24
9,116	1,43
9,138	0,59
9,161	-0,22
9,184	-1,06
9,206	-1,89
9,229	-2,70
9,252	-3,53
9,274	-4,34
9,297	-5,17
9,320	-5,95
9,342	-6,75
9,365	-7,57
9,388	-8,36
9,410	-8,19
9,433	-7,37
9,456	-6,57
9,478	-5,74
9,501	-4,96
9,524	-4,12
9,546	-3,32
9,569	-2,50
9,592	-1,65
9,615	-0,85
9,637	0,00
9,660	0,82
9,683	1,66
9,705	2,50
9,728	3,34
9,751	4,19
9,773	5,01
9,796	5,89
9,819	6,72
9,841	7,58
9,864	8,44
9,887	8,68
9,909	7,82
9,932	6,94
9,955	6,10
9,977	5,26
10,000	4,40
10,023	3,56
10,045	2,74
10,068	1,90
10,091	1,05
10,113	0,24
10,136	-0,60
10,159	-1,43
10,181	-2,25
10,204	-3,08
10,227	-3,86
10,249	-4,71
10,272	-5,49
10,295	-6,33
10,317	-7,11
10,340	-7,91
10,363	-8,65
10,385	-7,82
10,408	-7,05
10,431	-6,20
10,454	-5,41
10,476	-4,59
10,499	-3,78
10,522	-2,96
10,544	-2,11
10,567	-1,31
10,590	-0,46
10,612	0,33
10,635	1,20
10,658	2,03
10,680	2,87
10,703	3,71
10,726	4,53
10,748	5,41
10,771	6,23
10,794	7,10
10,816	7,96
10,839	8,81
10,862	8,32
10,884	7,42
10,907	6,59
10,930	5,73
10,952	4,89
10,975	4,03
10,998	3,22
11,020	2,36
11,043	1,53
11,066	0,71
11,088	-0,15
11,111	-0,94
11,134	-1,80
11,156	-2,61
11,179	-3,42
11,202	-4,24
11,224	-5,04
11,247	-5,87
11,270	-6,65
11,293	-7,47
11,315	-8,26
11,338	-8,29
11,361	-7,49
11,383	-6,67
11,406	-5,87
11,429	-5,06
11,451	-4,24
11,474	-3,42
11,497	-2,59
11,519	-1,76
11,542	-0,95
11,565	-0,12
11,587	0,74
