Frecuencia	Espectro	Angulo de fase
f/kHz	U/V	phi/rad

0,000	0,00	3,14
0,086	0,01	1,60
0,172	0,00	1,69
0,258	0,01	1,75
0,345	0,15	0,47
0,431	0,01	4,37
0,517	0,00	4,46
0,603	0,01	4,61
0,689	0,01	6,14
0,775	0,01	1,48
0,861	0,00	1,63
0,947	0,01	1,63
1,034	5,58	1,40
1,120	0,01	4,28
1,206	0,00	4,34
1,292	0,01	4,54
1,378	0,01	6,13
1,464	0,01	1,36
1,550	0,00	1,57
1,637	0,01	1,55
1,723	0,16	5,47
1,809	0,01	4,28
1,895	0,00	4,21
1,981	0,01	4,41
2,067	0,02	5,98
2,153	0,01	1,30
2,239	0,00	1,44
2,326	0,01	1,47
2,412	0,15	0,12
2,498	0,01	4,11
2,584	0,00	4,11
2,670	0,01	4,37
2,756	0,01	5,85
2,842	0,01	1,15
2,929	0,00	1,33
3,015	0,01	1,32
3,101	1,86	1,06
3,187	0,01	4,06
3,273	0,00	4,00
3,359	0,01	4,22
3,445	0,01	5,82
3,531	0,01	1,06
3,618	0,00	1,28
3,704	0,01	1,24
3,790	0,16	5,13
3,876	0,01	3,94
3,962	0,00	3,90
4,048	0,01	4,13
4,134	0,02	5,70
4,221	0,01	0,98
4,307	0,00	1,17
4,393	0,01	1,16
4,479	0,15	6,06
4,565	0,01	3,85
4,651	0,00	3,85
4,737	0,01	4,04
4,823	0,01	5,54
4,910	0,01	0,88
4,996	0,00	1,10
5,082	0,01	1,04
5,168	1,12	0,72
5,254	0,01	3,74
5,340	0,00	3,71
5,426	0,01	3,93
5,512	0,01	5,53
5,599	0,01	0,77
5,685	0,00	1,01
5,771	0,01	0,98
5,857	0,17	4,78
5,943	0,01	3,69
6,029	0,00	3,69
6,115	0,01	3,83
6,202	0,02	5,43
6,288	0,01	0,69
6,374	0,00	0,89
6,460	0,01	0,86
6,546	0,14	5,72
6,632	0,01	3,54
6,718	0,00	3,52
6,804	0,01	3,74
6,891	0,01	5,24
6,977	0,01	0,58
7,063	0,00	0,73
7,149	0,01	0,73
7,235	0,80	0,37
7,321	0,01	3,44
7,407	0,00	3,43
7,494	0,01	3,63
7,580	0,01	5,24
7,666	0,01	0,50
7,752	0,00	0,64
7,838	0,01	0,64
7,924	0,18	4,44
8,010	0,01	3,33
8,096	0,00	3,37
8,183	0,01	3,52
8,269	0,02	5,16
8,355	0,01	0,39
8,441	0,00	0,56
8,527	0,01	0,52
8,613	0,14	5,38
8,699	0,01	3,26
8,786	0,00	3,25
8,872	0,01	3,45
8,958	0,02	4,94
9,044	0,01	0,31
9,130	0,00	0,46
9,216	0,01	0,36
9,302	0,62	0,03
9,388	0,01	3,15
9,475	0,00	3,13
9,561	0,01	3,35
9,647	0,01	4,94
9,733	0,01	0,19
9,819	0,00	0,32
9,905	0,01	0,44
9,991	0,19	4,09
10,078	0,01	3,02
10,164	0,00	3,04
10,250	0,01	3,25
10,336	0,02	4,85
10,422	0,01	0,09
10,508	0,00	0,21
10,594	0,01	0,15
10,680	0,14	5,03
10,767	0,01	2,95
10,853	0,00	2,96
10,939	0,01	3,17
11,025	0,01	4,63
11,111	0,01	0,00
11,197	0,00	0,16
11,283	0,01	0,18
11,370	0,51	5,97
11,456	0,01	2,89
11,542	0,00	2,83
11,628	0,01	3,07
11,714	0,01	4,63
11,800	0,01	6,20
11,886	0,00	0,09
11,972	0,01	0,08
12,059	0,20	3,75
12,145	0,01	2,77
12,231	0,00	2,64
12,317	0,01	2,90
12,403	0,02	4,58
12,489	0,01	6,09
12,575	0,00	0,06
12,662	0,01	6,28
12,748	0,14	4,69
12,834	0,01	2,68
12,920	0,00	2,62
13,006	0,01	2,82
13,092	0,02	4,37
13,178	0,01	6,00
13,264	0,00	6,21
13,351	0,01	6,20
13,437	0,43	5,63
13,523	0,01	2,59
13,609	0,00	2,58
13,695	0,01	2,72
13,781	0,01	4,34
13,867	0,01	5,93
13,954	0,00	6,07
14,040	0,01	6,10
14,126	0,21	3,40
14,212	0,01	2,49
14,298	0,00	2,40
14,384	0,01	2,64
14,470	0,02	4,30
14,556	0,01	5,81
14,643	0,00	6,02
14,729	0,01	6,01
14,815	0,14	4,34
14,901	0,01	2,38
14,987	0,00	2,30
15,073	0,01	2,61
15,159	0,02	4,06
15,246	0,01	5,67
15,332	0,00	5,90
15,418	0,01	5,93
15,504	0,38	5,28
15,590	0,01	2,38
15,676	0,00	2,37
15,762	0,01	2,47
15,848	0,01	4,02
15,935	0,01	5,58
16,021	0,00	5,77
16,107	0,01	5,73
16,193	0,22	3,06
16,279	0,01	2,22
16,365	0,00	2,37
16,451	0,01	2,32
16,537	0,02	3,99
16,624	0,01	5,50
16,710	0,00	5,71
16,796	0,01	5,74
16,882	0,14	4,00
16,968	0,01	2,01
17,054	0,00	1,79
17,140	0,01	2,30
17,227	0,02	3,76
17,313	0,01	5,38
17,399	0,00	5,59
17,485	0,01	5,57
17,571	0,33	4,94
17,657	0,01	1,96
17,743	0,00	1,70
17,829	0,01	2,15
17,916	0,01	3,74
18,002	0,01	5,30
18,088	0,00	5,47
18,174	0,01	5,48
18,260	0,23	2,72
18,346	0,01	1,84
18,432	0,00	1,94
18,519	0,01	2,05
18,605	0,02	3,70
18,691	0,01	5,22
18,777	0,00	5,43
18,863	0,01	5,47
18,949	0,13	3,66
19,035	0,01	1,50
19,121	0,01	2,76
19,208	0,01	2,12
19,294	0,02	3,46
19,380	0,01	5,04
19,466	0,00	5,19
19,552	0,01	5,24
19,638	0,30	4,60
19,724	0,01	1,83
19,811	0,00	1,48
19,897	0,01	1,86
19,983	0,01	3,44
20,069	0,01	4,98
20,155	0,00	5,20
20,241	0,01	5,17
20,327	0,25	2,37
20,413	0,01	1,63
20,500	0,00	1,57
20,586	0,01	1,77
20,672	0,02	3,41
20,758	0,01	4,90
20,844	0,00	5,05
20,930	0,01	5,07
21,016	0,13	3,31
21,103	0,01	1,49
21,189	0,00	1,53
21,275	0,01	1,67
21,361	0,02	3,18
21,447	0,01	4,81
21,533	0,00	4,95
21,619	0,01	4,97
21,705	0,27	4,25
21,792	0,01	1,42
21,878	0,00	1,41
21,964	0,01	1,58
